   0.7868   0.4049   0.2742   0.8571   0.2393
   0.2505   0.2513   0.5610   0.4998   0.3201
   0.7107   0.0227   0.1400   0.4194   0.9105
   0.9467   0.5206   0.5439   0.7443   0.1648
   0.0193   0.3447   0.5219   0.2492   0.2455

   1.4434   0.6216   0.6794   1.2519   0.7456
        0   0.4808   0.6155   0.3690  -0.1977
        0        0   0.3704   0.0844   0.5548
        0        0        0   0.2565   0.0913
        0        0        0        0   0.4061

   0.1983
   0.7159
   0.9678
   0.7694
   0.0807

   1.4318
  -3.1995
   2.4583
  -0.2977
  -0.2157

   0.1983
   0.7159
   0.9678
   0.7694
   0.0807

   0.7868   0.4049   0.2742   0.8571   0.2393
   0.2505   0.2513   0.5610   0.4998   0.3201
   0.7107   0.0227   0.1400   0.4194   0.9105
   0.9467   0.5206   0.5439   0.7443   0.1648
   0.0193   0.3447   0.5219   0.2492   0.2455

   1.0000e+00  -3.8858e-16  -3.3307e-16   2.7756e-16  -4.9960e-16
  -2.4980e-16   1.0000e+00  -2.7756e-16   5.5511e-16  -1.1102e-16
   1.1102e-16  -5.5511e-16   1.0000e+00   1.1102e-16  -2.2204e-16
   8.3267e-17   1.1102e-16   3.8858e-16   1.0000e+00  -5.5511e-17
  -4.5797e-16  -2.2204e-16  -3.3307e-16  -3.6082e-16   1.0000e+00

