0.1	-15.3	1.04
1.33	0.32	0.594
2.55	2.45	0.983
3.78	2.75	0.998
5	2.27	1.11
6.22	1.35	0.398
7.45	0.157	0.535
8.68	-1.23	0.968
9.9	-2.75	0.478


0.1	-15.3058	-14.3164	-16.2951
0.2	-10.6599	-9.90732	-11.4124
0.3	-8.02502	-7.39293	-8.65712
0.4	-6.21357	-5.65469	-6.77245
0.5	-4.85329	-4.34229	-5.36429
0.6	-3.77839	-3.29986	-4.25691
0.7	-2.90041	-2.44438	-3.35644
0.8	-2.16658	-1.72633	-2.60683
0.9	-1.54284	-1.11376	-1.97191
1	-1.00594	-0.584859	-1.42702
1.1	-0.539298	-0.124005	-0.954592
1.2	-0.130672	0.280356	-0.541701
1.3	0.229238	0.63704	-0.178563
1.4	0.547661	0.952926	0.142397
1.5	0.830326	1.23349	0.427158
1.6	1.08185	1.48318	0.680521
1.7	1.30602	1.70564	0.906394
1.8	1.50595	1.9039	1.108
1.9	1.68428	2.08052	1.28803
2	1.84321	2.23767	1.44875
2.1	1.98464	2.3772	1.59209
2.2	2.11021	2.50072	1.7197
2.3	2.22132	2.60963	1.833
2.4	2.31919	2.70514	1.93324
2.5	2.40493	2.78835	2.0215
2.6	2.47946	2.86019	2.09874
2.7	2.54365	2.92151	2.16579
2.8	2.59825	2.97308	2.22341
2.9	2.64392	3.01556	2.27227
3	2.68127	3.04957	2.31296
3.1	2.71085	3.07567	2.34603
3.2	2.73315	3.09435	2.37196
3.3	2.74863	3.10607	2.39118
3.4	2.75768	3.11125	2.40411
3.5	2.76068	3.11026	2.4111
3.6	2.75797	3.10347	2.41248
3.7	2.74987	3.09118	2.40855
3.8	2.73665	3.0737	2.39961
3.9	2.7186	3.05131	2.38589
4	2.69595	3.02426	2.36763
4.1	2.66892	2.99278	2.34506
4.2	2.63774	2.95711	2.31837
4.3	2.60259	2.91744	2.28775
4.4	2.56366	2.87397	2.25336
4.5	2.52112	2.82688	2.21537
4.6	2.47513	2.77634	2.17392
4.7	2.42583	2.72252	2.12914
4.8	2.37337	2.66556	2.08118
4.9	2.31787	2.60561	2.03013
5	2.25946	2.54281	1.97611
5.1	2.19825	2.47728	1.91922
5.2	2.13435	2.40915	1.85955
5.3	2.06787	2.33854	1.7972
5.4	1.9989	2.26556	1.73224
5.5	1.92753	2.19032	1.66474
5.6	1.85385	2.11292	1.59479
5.7	1.77794	2.03346	1.52243
5.8	1.69988	1.95204	1.44773
5.9	1.61974	1.86874	1.37075
6	1.53759	1.78366	1.29153
6.1	1.4535	1.69687	1.21013
6.2	1.36753	1.60847	1.1266
6.3	1.27975	1.51853	1.04096
6.4	1.1902	1.42712	0.953274
6.5	1.09894	1.33431	0.863567
6.6	1.00603	1.24018	0.77188
6.7	0.911513	1.14478	0.678247
6.8	0.815439	1.04817	0.582705
6.9	0.717853	0.950419	0.485288
7	0.618799	0.851568	0.38603
7.1	0.518318	0.751669	0.284966
7.2	0.41645	0.650768	0.182132
7.3	0.313233	0.548904	0.0775621
7.4	0.208705	0.446116	-0.0287068
7.5	0.102899	0.342437	-0.136638
7.6	-0.00414893	0.237897	-0.246195
7.7	-0.112408	0.132524	-0.357339
7.8	-0.221845	0.026342	-0.470033
7.9	-0.332432	-0.0806275	-0.584237
8	-0.444139	-0.188365	-0.699914
8.1	-0.556939	-0.296853	-0.817024
8.2	-0.670804	-0.406077	-0.935531
8.3	-0.785709	-0.516022	-1.0554
8.4	-0.901628	-0.626676	-1.17658
8.5	-1.01854	-0.738028	-1.29905
8.6	-1.13642	-0.850066	-1.42277
8.7	-1.25524	-0.962782	-1.5477
8.8	-1.37499	-1.07617	-1.67381
8.9	-1.49564	-1.19021	-1.80106
9	-1.61717	-1.3049	-1.92944
9.1	-1.73956	-1.42024	-2.05889
9.2	-1.8628	-1.53621	-2.1894
9.3	-1.98687	-1.6528	-2.32093
9.4	-2.11174	-1.77002	-2.45347
9.5	-2.23741	-1.88785	-2.58697
9.6	-2.36385	-2.00628	-2.72142
9.7	-2.49105	-2.12531	-2.85679
9.8	-2.61899	-2.24492	-2.99305
9.9	-2.74766	-2.36512	-3.1302


Coefficients found by ls-fit with QR-decomposition:
   6.9907
   0.9905
  -1.9964

Covariance matrix found by ls-fit with QR-decomposition:
   0.1778   0.0493  -0.0528
   0.0493   0.2482  -0.0458
  -0.0528  -0.0458   0.0208

Coefficients found by ls-fit with singular-value-decomposition:
   6.9907
   0.9905
  -1.9964

Covariance matrix found by ls-fit with singular-value-decomposition:
   0.1778   0.0493  -0.0528
   0.0493   0.2482  -0.0458
  -0.0528  -0.0458   0.0208
