By solving y''(x)=-y with y(0)=1 and y'(0)=0, we get cos(2*pi)=1.00001
By solving y''(x)=-y-y'(x)/10 with y(0)=1 and y'(0)=0, we get y(2*pi)=0.730069


0	1	0	
0.0208792	0.999782	-0.0208792	
0.0409954	0.99916	-0.0409868	
0.0606489	0.998161	-0.0606158	
0.0800186	0.9968	-0.0799386	
0.099213	0.995082	-0.0990569	
0.118299	0.99301	-0.118031	
0.137317	0.990586	-0.136894	
0.156293	0.98781	-0.155667	
0.175242	0.984683	-0.174358	
0.194176	0.981205	-0.19297	
0.213098	0.977378	-0.211502	
0.232015	0.973202	-0.229953	
0.250928	0.968679	-0.248318	
0.269838	0.96381	-0.266591	
0.288746	0.958597	-0.284768	
0.307653	0.953041	-0.302841	
0.32656	0.947145	-0.320806	
0.345467	0.940911	-0.338656	
0.364373	0.93434	-0.356385	
0.383279	0.927435	-0.373986	
0.402185	0.920199	-0.391453	
0.421091	0.912633	-0.40878	
0.439997	0.904742	-0.425961	
0.458903	0.896527	-0.44299	
0.477809	0.887992	-0.459861	
0.496715	0.879139	-0.476567	
0.515621	0.869972	-0.493102	
0.534526	0.860494	-0.509462	
0.553432	0.850708	-0.525639	
0.572338	0.840619	-0.541629	
0.591244	0.830228	-0.557424	
0.61015	0.819541	-0.573021	
0.629056	0.808561	-0.588413	
0.647962	0.797293	-0.603594	
0.666867	0.785739	-0.61856	
0.685773	0.773904	-0.633304	
0.704679	0.761792	-0.647822	
0.723585	0.749409	-0.662109	
0.742491	0.736757	-0.676159	
0.761397	0.723842	-0.689967	
0.780302	0.710668	-0.703528	
0.799208	0.69724	-0.716838	
0.818114	0.683563	-0.729892	
0.83702	0.669642	-0.742685	
0.855926	0.655481	-0.755213	
0.874832	0.641086	-0.76747	
0.893738	0.626462	-0.779453	
0.912643	0.611614	-0.791158	
0.931549	0.596547	-0.802579	
0.950455	0.581267	-0.813714	
0.969361	0.565779	-0.824558	
0.988267	0.550089	-0.835107	
1.00717	0.534202	-0.845358	
1.02608	0.518124	-0.855306	
1.04498	0.501861	-0.864949	
1.06389	0.485419	-0.874283	
1.0828	0.468803	-0.883304	
1.1017	0.45202	-0.892009	
1.12061	0.435075	-0.900395	
1.13951	0.417975	-0.90846	
1.15842	0.400725	-0.9162	
1.17733	0.383331	-0.923612	
1.19623	0.365801	-0.930694	
1.21514	0.34814	-0.937444	
1.23404	0.330355	-0.943858	
1.25295	0.312451	-0.949935	
1.27185	0.294436	-0.955672	
1.29076	0.276316	-0.961068	
1.30967	0.258097	-0.96612	
1.32857	0.239785	-0.970827	
1.34748	0.221388	-0.975187	
1.36638	0.202912	-0.979198	
1.38529	0.184363	-0.982859	
1.4042	0.165748	-0.986169	
1.4231	0.147074	-0.989127	
1.44201	0.128348	-0.99173	
1.46091	0.109575	-0.99398	
1.47982	0.0907636	-0.995874	
1.49872	0.0719196	-0.997412	
1.51763	0.0530498	-0.998593	
1.53654	0.0341611	-0.999418	
1.55544	0.0152601	-0.999885	
1.57435	-0.00364626	-0.999995	
1.59325	-0.0225514	-0.999747	
1.61216	-0.0414484	-0.999142	
1.63107	-0.0603306	-0.99818	
1.64997	-0.0791913	-0.996861	
1.66888	-0.0980236	-0.995186	
1.68778	-0.116821	-0.993154	
1.70669	-0.135576	-0.990768	
1.72559	-0.154284	-0.988028	
1.7445	-0.172935	-0.984935	
1.76341	-0.191526	-0.981489	
1.78231	-0.210047	-0.977693	
1.80122	-0.228494	-0.973547	
1.82012	-0.246859	-0.969053	
1.83903	-0.265135	-0.964213	
1.85794	-0.283317	-0.959028	
1.87684	-0.301398	-0.9535	
1.89575	-0.319371	-0.947632	
1.91465	-0.337229	-0.941424	
1.93356	-0.354968	-0.93488	
1.95247	-0.372579	-0.928002	
1.97137	-0.390057	-0.920793	
1.99028	-0.407396	-0.913254	
2.00918	-0.424589	-0.905388	
2.02809	-0.44163	-0.897199	
2.04699	-0.458513	-0.88869	
2.0659	-0.475233	-0.879862	
2.08481	-0.491782	-0.87072	
2.10371	-0.508156	-0.861267	
2.12262	-0.524348	-0.851506	
2.14152	-0.540353	-0.841441	
2.16043	-0.556165	-0.831074	
2.17934	-0.571777	-0.820411	
2.19824	-0.587186	-0.809455	
2.21715	-0.602384	-0.798209	
2.23605	-0.617367	-0.786677	
2.25496	-0.63213	-0.774865	
2.27386	-0.646666	-0.762776	
2.29277	-0.660972	-0.750413	
2.31168	-0.675041	-0.737783	
2.33058	-0.688869	-0.724889	
2.34949	-0.70245	-0.711736	
2.36839	-0.71578	-0.698328	
2.3873	-0.728855	-0.684671	
2.40621	-0.741669	-0.670769	
2.42511	-0.754218	-0.656627	
2.44402	-0.766497	-0.642251	
2.46292	-0.778503	-0.627645	
2.48183	-0.79023	-0.612814	
2.50073	-0.801674	-0.597765	
2.51964	-0.812832	-0.582502	
2.53855	-0.8237	-0.56703	
2.55745	-0.834273	-0.551356	
2.57636	-0.844547	-0.535485	
2.59526	-0.85452	-0.519423	
2.61417	-0.864188	-0.503174	
2.63308	-0.873546	-0.486746	
2.65198	-0.882592	-0.470144	
2.67089	-0.891323	-0.453374	
2.68979	-0.899735	-0.436442	
2.7087	-0.907826	-0.419353	
2.7276	-0.915592	-0.402115	
2.74651	-0.92303	-0.384733	
2.76542	-0.930139	-0.367214	
2.78432	-0.936915	-0.349563	
2.80323	-0.943357	-0.331788	
2.82213	-0.949461	-0.313893	
2.84104	-0.955226	-0.295887	
2.85995	-0.960649	-0.277775	
2.87885	-0.965729	-0.259563	
2.89776	-0.970463	-0.241259	
2.91666	-0.974851	-0.222868	
2.93557	-0.97889	-0.204398	
2.95447	-0.98258	-0.185855	
2.97338	-0.985918	-0.167245	
2.99229	-0.988904	-0.148576	
3.01119	-0.991536	-0.129853	
3.0301	-0.993814	-0.111084	
3.049	-0.995736	-0.0922753	
3.06791	-0.997303	-0.0734336	
3.08682	-0.998513	-0.0545656	
3.10572	-0.999366	-0.0356781	
3.12463	-0.999862	-0.0167779	
3.14353	-1	0.00212834	
3.16244	-0.999781	0.0210338	
3.18134	-0.999205	0.0399318	
3.20025	-0.998272	0.0588154	
3.21916	-0.996981	0.0776781	
3.23806	-0.995334	0.096513	
3.25697	-0.993332	0.115313	
3.27587	-0.990974	0.134073	
3.29478	-0.988262	0.152784	
3.31369	-0.985197	0.17144	
3.33259	-0.98178	0.190036	
3.3515	-0.978012	0.208563	
3.3704	-0.973894	0.227016	
3.38931	-0.969428	0.245388	
3.40821	-0.964615	0.263672	
3.42712	-0.959458	0.281861	
3.44603	-0.953958	0.29995	
3.46493	-0.948117	0.317932	
3.48384	-0.941936	0.3358	
3.50274	-0.935419	0.353548	
3.52165	-0.928568	0.37117	
3.54056	-0.921385	0.388659	
3.55946	-0.913872	0.406009	
3.57837	-0.906033	0.423214	
3.59727	-0.89787	0.440268	
3.61618	-0.889386	0.457164	
3.63508	-0.880584	0.473897	
3.65399	-0.871467	0.49046	
3.6729	-0.862039	0.506849	
3.6918	-0.852302	0.523056	
3.71071	-0.842261	0.539076	
3.72961	-0.831919	0.554903	
3.74852	-0.821279	0.570532	
3.76743	-0.810346	0.585957	
3.78633	-0.799123	0.601172	
3.80524	-0.787615	0.616173	
3.82414	-0.775825	0.630954	
3.84305	-0.763757	0.645508	
3.86195	-0.751417	0.659832	
3.88086	-0.738808	0.673921	
3.89977	-0.725935	0.687768	
3.91867	-0.712802	0.70137	
3.93758	-0.699415	0.71472	
3.95648	-0.685778	0.727816	
3.97539	-0.671895	0.740651	
3.9943	-0.657773	0.753221	
4.0132	-0.643415	0.765522	
4.03211	-0.628827	0.77755	
4.05101	-0.614014	0.789299	
4.06992	-0.598982	0.800767	
4.08882	-0.583736	0.811948	
4.10773	-0.568281	0.822839	
4.12664	-0.552623	0.833435	
4.14554	-0.536768	0.843734	
4.16445	-0.52072	0.853732	
4.18335	-0.504487	0.863424	
4.20226	-0.488073	0.872807	
4.22117	-0.471484	0.881879	
4.24007	-0.454727	0.890635	
4.25898	-0.437808	0.899073	
4.27788	-0.420732	0.907189	
4.29679	-0.403506	0.914981	
4.31569	-0.386135	0.922446	
4.3346	-0.368626	0.929582	
4.35351	-0.350986	0.936385	
4.37241	-0.33322	0.942853	
4.39132	-0.315335	0.948984	
4.41022	-0.297337	0.954776	
4.42913	-0.279233	0.960227	
4.44804	-0.26103	0.965335	
4.46694	-0.242733	0.970097	
4.48585	-0.224349	0.974513	
4.50475	-0.205885	0.97858	
4.52366	-0.187347	0.982298	
4.54256	-0.168742	0.985664	
4.56147	-0.150077	0.988678	
4.58038	-0.131359	0.991339	
4.59928	-0.112593	0.993645	
4.61819	-0.0937874	0.995596	
4.63709	-0.0749481	0.997191	
4.656	-0.0560819	0.99843	
4.67491	-0.0371958	0.999312	
4.69381	-0.0182963	0.999837	
4.71272	0.000609712	1	
4.73162	0.0195155	0.999814	
4.75053	0.0384143	0.999266	
4.76943	0.0572994	0.998361	
4.78834	0.076164	0.997099	
4.80725	0.0950014	0.995481	
4.82615	0.113805	0.993507	
4.84506	0.132568	0.991178	
4.86396	0.151283	0.988495	
4.88287	0.169944	0.985458	
4.90178	0.188545	0.982069	
4.92068	0.207078	0.978329	
4.93959	0.225537	0.974239	
4.95849	0.243915	0.969801	
4.9774	0.262207	0.965016	
4.9963	0.280404	0.959886	
5.01521	0.298502	0.954414	
5.03412	0.316492	0.9486	
5.05302	0.33437	0.942447	
5.07193	0.352128	0.935957	
5.09083	0.36976	0.929132	
5.10974	0.38726	0.921975	
5.12865	0.404621	0.914489	
5.14755	0.421838	0.906676	
5.16646	0.438904	0.898539	
5.18536	0.455813	0.89008	
5.20427	0.47256	0.881304	
5.22317	0.489137	0.872212	
5.24208	0.505539	0.862809	
5.26099	0.521761	0.853097	
5.27989	0.537796	0.84308	
5.2988	0.553639	0.832762	
5.3177	0.569285	0.822146	
5.33661	0.584726	0.811236	
5.35552	0.599959	0.800037	
5.37442	0.614977	0.788551	
5.39333	0.629775	0.776783	
5.41223	0.644348	0.764738	
5.43114	0.658691	0.752419	
5.45004	0.672799	0.739832	
5.46895	0.686666	0.72698	
5.48786	0.700287	0.713868	
5.50676	0.713658	0.700501	
5.52567	0.726774	0.686883	
5.54457	0.73963	0.67302	
5.56348	0.752222	0.658917	
5.58239	0.764545	0.644578	
5.60129	0.776595	0.630008	
5.6202	0.788367	0.615213	
5.6391	0.799857	0.600199	
5.65801	0.811061	0.584969	
5.67691	0.821976	0.569531	
5.69582	0.832596	0.553889	
5.71473	0.842919	0.538049	
5.73363	0.852941	0.522017	
5.75254	0.862657	0.505798	
5.77144	0.872066	0.489399	
5.79035	0.881162	0.472824	
5.80926	0.889944	0.45608	
5.82816	0.898408	0.439174	
5.84707	0.90655	0.42211	
5.86597	0.914368	0.404896	
5.88488	0.92186	0.387536	
5.90378	0.929022	0.370039	
5.92269	0.935852	0.352409	
5.9416	0.942347	0.334653	
5.9605	0.948505	0.316777	
5.97941	0.954325	0.298788	
5.99831	0.959803	0.280692	
6.01722	0.964938	0.262496	
6.03613	0.969729	0.244206	
6.05503	0.974172	0.225829	
6.07394	0.978268	0.207371	
6.09284	0.982013	0.188839	
6.11175	0.985408	0.17024	
6.13065	0.98845	0.151579	
6.14956	0.991139	0.132865	
6.16847	0.993474	0.114103	
6.18737	0.995454	0.0953	
6.20628	0.997078	0.0764631	
6.22518	0.998345	0.0575989	
6.24409	0.999256	0.038714	
6.263	0.999809	0.0198154	
6.2819	1	0.000909614	
6.28319	1.00001	-0.000374862	


0	1	0	
0.0208142	0.999783	-0.0207925	
0.0408662	0.999166	-0.0407743	
0.0604562	0.998176	-0.0602412	
0.0797631	0.996828	-0.0793668	
0.0988952	0.995129	-0.0982537	
0.117919	0.993081	-0.116963	
0.136876	0.990688	-0.135528	
0.155792	0.987949	-0.153969	
0.174681	0.984867	-0.172296	
0.193556	0.981443	-0.190511	
0.212421	0.977678	-0.208616	
0.231281	0.973573	-0.226607	
0.250138	0.969131	-0.244482	
0.268994	0.964353	-0.262234	
0.28785	0.959241	-0.279861	
0.306707	0.953799	-0.297355	
0.325565	0.948027	-0.314711	
0.344425	0.941928	-0.331925	
0.363286	0.935506	-0.34899	
0.38215	0.928763	-0.365901	
0.401017	0.9217	-0.382652	
0.419886	0.914323	-0.399238	
0.438758	0.906633	-0.415653	
0.457633	0.898633	-0.431892	
0.476511	0.890327	-0.447949	
0.495393	0.881718	-0.463819	
0.514279	0.87281	-0.479498	
0.533169	0.863605	-0.494979	
0.552062	0.854108	-0.510257	
0.570961	0.844322	-0.525329	
0.589863	0.83425	-0.540188	
0.608771	0.823897	-0.554829	
0.627683	0.813266	-0.569249	
0.646601	0.802362	-0.583442	
0.665524	0.791188	-0.597403	
0.684453	0.779749	-0.611129	
0.703388	0.768049	-0.624613	
0.722329	0.756091	-0.637853	
0.741276	0.743881	-0.650844	
0.76023	0.731424	-0.66358	
0.779191	0.718722	-0.676059	
0.798158	0.705782	-0.688276	
0.817133	0.692607	-0.700227	
0.836116	0.679203	-0.711908	
0.855106	0.665574	-0.723314	
0.874104	0.651725	-0.734444	
0.89311	0.637662	-0.745291	
0.912124	0.623389	-0.755854	
0.931147	0.608911	-0.766128	
0.950179	0.594234	-0.776111	
0.96922	0.579362	-0.785798	
0.98827	0.564302	-0.795186	
1.00733	0.549058	-0.804272	
1.0264	0.533636	-0.813054	
1.04548	0.518041	-0.821528	
1.06457	0.50228	-0.829691	
1.08367	0.486357	-0.83754	
1.10278	0.470278	-0.845074	
1.1219	0.45405	-0.852288	
1.14103	0.437677	-0.859181	
1.16017	0.421166	-0.865751	
1.17932	0.404523	-0.871994	
1.19849	0.387754	-0.87791	
1.21766	0.370864	-0.883495	
1.23685	0.35386	-0.888748	
1.25605	0.336748	-0.893667	
1.27526	0.319534	-0.89825	
1.29448	0.302225	-0.902495	
1.31372	0.284826	-0.906402	
1.33297	0.267344	-0.909968	
1.35223	0.249786	-0.913192	
1.3715	0.232157	-0.916073	
1.39078	0.214464	-0.918611	
1.41008	0.196715	-0.920804	
1.42939	0.178914	-0.92265	
1.44871	0.16107	-0.924151	
1.46805	0.143188	-0.925304	
1.4874	0.125275	-0.92611	
1.50676	0.107337	-0.926569	
1.52613	0.0893827	-0.926679	
1.54552	0.071417	-0.926441	
1.56492	0.0534473	-0.925855	
1.58434	0.0354802	-0.924922	
1.60376	0.0175226	-0.923641	
1.6232	-0.000418854	-0.922013	
1.64266	-0.0183372	-0.920038	
1.66212	-0.0362258	-0.917718	
1.6816	-0.0540777	-0.915053	
1.70109	-0.0718861	-0.912044	
1.7206	-0.0896441	-0.908693	
1.74012	-0.107345	-0.905	
1.75965	-0.124982	-0.900967	
1.77919	-0.142548	-0.896596	
1.79874	-0.160037	-0.891889	
1.81831	-0.177441	-0.886846	
1.83789	-0.194754	-0.88147	
1.85748	-0.211969	-0.875764	
1.87709	-0.22908	-0.869729	
1.8967	-0.246079	-0.863369	
1.91633	-0.262961	-0.856684	
1.93597	-0.279717	-0.849679	
1.95562	-0.296343	-0.842356	
1.97528	-0.312831	-0.834718	
1.99495	-0.329174	-0.826769	
2.01463	-0.345367	-0.81851	
2.03432	-0.361403	-0.809947	
2.05403	-0.377276	-0.801082	
2.07374	-0.392978	-0.791919	
2.09346	-0.408505	-0.782461	
2.11319	-0.42385	-0.772714	
2.13294	-0.439007	-0.76268	
2.15269	-0.45397	-0.752365	
2.17244	-0.468732	-0.741771	
2.19221	-0.483289	-0.730905	
2.21199	-0.497635	-0.71977	
2.23177	-0.511763	-0.708372	
2.25156	-0.525668	-0.696714	
2.27136	-0.539345	-0.684802	
2.29117	-0.552789	-0.672641	
2.31098	-0.565994	-0.660237	
2.3308	-0.578955	-0.647594	
2.35062	-0.591667	-0.634717	
2.37045	-0.604126	-0.621613	
2.39029	-0.616325	-0.608287	
2.41013	-0.628262	-0.594745	
2.42998	-0.63993	-0.580992	
2.44983	-0.651326	-0.567034	
2.46969	-0.662446	-0.552877	
2.48955	-0.673285	-0.538527	
2.50941	-0.683839	-0.523991	
2.52928	-0.694105	-0.509274	
2.54915	-0.704078	-0.494384	
2.56903	-0.713755	-0.479325	
2.58891	-0.723132	-0.464104	
2.60879	-0.732207	-0.448729	
2.62867	-0.740975	-0.433205	
2.64856	-0.749435	-0.417538	
2.66844	-0.757582	-0.401737	
2.68833	-0.765415	-0.385806	
2.70822	-0.77293	-0.369753	
2.72812	-0.780125	-0.353585	
2.74801	-0.786997	-0.337309	
2.7679	-0.793546	-0.32093	
2.7878	-0.799767	-0.304456	
2.8077	-0.805661	-0.287894	
2.82759	-0.811224	-0.27125	
2.84749	-0.816455	-0.254532	
2.86739	-0.821353	-0.237745	
2.88729	-0.825917	-0.220898	
2.90719	-0.830144	-0.203997	
2.92709	-0.834035	-0.187049	
2.94699	-0.837588	-0.17006	
2.96688	-0.840803	-0.153038	
2.98678	-0.843679	-0.135989	
3.00668	-0.846215	-0.11892	
3.02658	-0.848412	-0.101838	
3.04648	-0.850268	-0.0847502	
3.06638	-0.851785	-0.0676627	
3.08628	-0.852961	-0.0505826	
3.10617	-0.853798	-0.0335164	
3.12607	-0.854295	-0.016471	
3.14597	-0.854453	0.00054701	
3.16587	-0.854273	0.017531	
3.18577	-0.853756	0.0344744	
3.20567	-0.852901	0.0513706	
3.22556	-0.851711	0.0682132	
3.24546	-0.850187	0.0849956	
3.26536	-0.848329	0.101711	
3.28526	-0.846138	0.118354	
3.30516	-0.843618	0.134918	
3.32507	-0.840768	0.151395	
3.34497	-0.837592	0.167781	
3.36487	-0.83409	0.184069	
3.38478	-0.830264	0.200253	
3.40469	-0.826117	0.216327	
3.42459	-0.821651	0.232284	
3.4445	-0.816868	0.248119	
3.46442	-0.81177	0.263825	
3.48433	-0.806361	0.279398	
3.50425	-0.800641	0.294831	
3.52417	-0.794615	0.310119	
3.54409	-0.788286	0.325255	
3.56402	-0.781655	0.340234	
3.58394	-0.774726	0.355052	
3.60388	-0.767502	0.369701	
3.62381	-0.759986	0.384177	
3.64375	-0.752182	0.398475	
3.6637	-0.744092	0.412589	
3.68365	-0.735722	0.426514	
3.7036	-0.727073	0.440245	
3.72356	-0.71815	0.453777	
3.74353	-0.708956	0.467105	
3.7635	-0.699495	0.480224	
3.78348	-0.689772	0.49313	
3.80346	-0.67979	0.505817	
3.82345	-0.669554	0.518281	
3.84344	-0.659066	0.530517	
3.86345	-0.648333	0.542521	
3.88346	-0.637358	0.554288	
3.90348	-0.626146	0.565815	
3.9235	-0.6147	0.577096	
3.94354	-0.603027	0.588128	
3.96358	-0.59113	0.598906	
3.98363	-0.579014	0.609428	
4.00369	-0.566684	0.619687	
4.02376	-0.554145	0.629682	
4.04384	-0.541402	0.639408	
4.06393	-0.52846	0.648861	
4.08403	-0.515325	0.658039	
4.10414	-0.502001	0.666936	
4.12426	-0.488493	0.675551	
4.14439	-0.474808	0.68388	
4.16454	-0.460949	0.69192	
4.18469	-0.446924	0.699667	
4.20486	-0.432738	0.707119	
4.22504	-0.418395	0.714273	
4.24523	-0.403903	0.721126	
4.26543	-0.389266	0.727675	
4.28565	-0.374491	0.733919	
4.30588	-0.359582	0.739853	
4.32612	-0.344548	0.745477	
4.34637	-0.329392	0.750788	
4.36664	-0.314122	0.755783	
4.38693	-0.298743	0.760461	
4.40722	-0.283262	0.76482	
4.42754	-0.267685	0.768858	
4.44786	-0.252018	0.772573	
4.4682	-0.236267	0.775964	
4.48856	-0.22044	0.77903	
4.50893	-0.204541	0.781769	
4.52931	-0.188579	0.78418	
4.54971	-0.172559	0.786262	
4.57013	-0.156488	0.788013	
4.59056	-0.140372	0.789435	
4.611	-0.124219	0.790524	
4.63146	-0.108034	0.791282	
4.65194	-0.0918254	0.791707	
4.67243	-0.0755988	0.7918	
4.69294	-0.0593613	0.79156	
4.71346	-0.0431198	0.790988	
4.734	-0.026881	0.790083	
4.75456	-0.0106519	0.788845	
4.77513	0.0055608	0.787276	
4.79572	0.0217501	0.785376	
4.81632	0.0379091	0.783145	
4.83693	0.0540309	0.780585	
4.85757	0.0701087	0.777696	
4.87822	0.0861354	0.77448	
4.89888	0.102104	0.770938	
4.91956	0.118008	0.767072	
4.94025	0.13384	0.762882	
4.96096	0.149594	0.758371	
4.98169	0.165262	0.753542	
5.00243	0.180837	0.748395	
5.02318	0.196314	0.742933	
5.04395	0.211684	0.737159	
5.06473	0.226942	0.731075	
5.08552	0.24208	0.724683	
5.10633	0.257092	0.717988	
5.12715	0.271971	0.710991	
5.14799	0.28671	0.703696	
5.16884	0.301304	0.696106	
5.1897	0.315744	0.688225	
5.21057	0.330026	0.680057	
5.23146	0.344143	0.671604	
5.25235	0.358088	0.662871	
5.27326	0.371855	0.653862	
5.29418	0.385438	0.644582	
5.31511	0.398831	0.635034	
5.33606	0.412027	0.625223	
5.35701	0.425022	0.615154	
5.37797	0.43781	0.604831	
5.39894	0.450384	0.59426	
5.41992	0.462739	0.583445	
5.4409	0.474869	0.572391	
5.4619	0.48677	0.561104	
5.48291	0.498436	0.54959	
5.50392	0.509862	0.537853	
5.52494	0.521043	0.525899	
5.54596	0.531973	0.513734	
5.567	0.54265	0.501364	
5.58803	0.553067	0.488795	
5.60908	0.56322	0.476032	
5.63013	0.573105	0.463082	
5.65118	0.582718	0.449951	
5.67224	0.592055	0.436646	
5.69331	0.601111	0.423172	
5.71438	0.609884	0.409536	
5.73545	0.61837	0.395745	
5.75653	0.626564	0.381805	
5.77761	0.634465	0.367723	
5.79869	0.642068	0.353505	
5.81977	0.649371	0.339158	
5.84086	0.656371	0.324689	
5.86195	0.663065	0.310106	
5.88304	0.669451	0.295413	
5.90413	0.675527	0.28062	
5.92523	0.681289	0.265731	
5.94632	0.686738	0.250755	
5.96742	0.691869	0.235699	
5.98851	0.696682	0.220569	
6.00961	0.701176	0.205372	
6.03071	0.705348	0.190115	
6.05181	0.709198	0.174806	
6.07291	0.712725	0.159451	
6.09401	0.715927	0.144058	
6.11511	0.718804	0.128632	
6.13621	0.721355	0.113182	
6.1573	0.72358	0.0977146	
6.1784	0.725478	0.0822361	
6.1995	0.72705	0.0667537	
6.2206	0.728295	0.0512743	
6.2417	0.729214	0.0358049	
6.2628	0.729806	0.0203521	
6.28319	0.730069	0.00544374	
