0 1 1 1
0.05 1 0.97501 0.975023
0.1 1 0.950083 0.950132
0.15 1 0.925281 0.925388
0.2 1 0.900665 0.900852
0.25 1 0.876298 0.876584
0.3 1 0.85224 0.852644
0.35 1 0.828551 0.82909
0.4 1 0.805291 0.805981
0.45 1 0.782517 0.783372
0.5 1 0.760287 0.761321
0.55 1 0.738656 0.739881
0.6 1 0.717679 0.719104
0.65 1 0.697407 0.699043
0.7 1 0.677891 0.679746
0.75 1 0.659181 0.661261
0.8 1 0.641322 0.643634
0.85 1 0.62436 0.626908
0.9 1 0.608337 0.611124
0.95 1 0.593292 0.596321
1 1 0.579265 0.582536
1.05 1 0.566288 0.569804
1.1 1 0.554396 0.558154
1.15 1 0.543618 0.547617
1.2 1 0.53398 0.538218
1.25 1 0.525508 0.529981
1.3 1 0.518221 0.522925
1.35 1 0.512138 0.517068
1.4 1 0.507275 0.512426
1.45 1 0.503644 0.509008
1.5 1 0.501253 0.506825
1.55 1 0.500108 0.50588
1.6 1 0.500213 0.506177
1.65 1 0.501567 0.507715
1.7 1 0.504168 0.510489
1.75 1 0.508007 0.514494
1.8 1 0.513076 0.519718
1.85 1 0.519362 0.52615
1.9 1 0.52685 0.533773
1.95 1 0.53552 0.542569
2 1 0.545351 0.552515
2.05 1 0.556319 0.563587
2.1 1 0.568395 0.575759
2.15 1 0.581551 0.588998
2.2 1 0.595752 0.603274
2.25 1 0.610963 0.618551
2.3 1 0.627147 0.63479
2.35 1 0.644263 0.651952
2.4 1 0.662268 0.669995
2.45 1 0.681118 0.688874
2.5 1 0.700764 0.708543
2.55 1 0.721158 0.728953
2.6 1 0.742249 0.750053
2.65 1 0.763985 0.771792
2.7 1 0.78631 0.794117
2.75 1 0.80917 0.816971
2.8 1 0.832506 0.8403
2.85 1 0.856261 0.864046
2.9 1 0.880375 0.88815
2.95 1 0.904789 0.912554
3 1 0.92944 0.937197
3.05 1 0.954268 0.962019
3.1 1 0.97921 0.986959
3.15 1 1.0042 1.01196
3.2 1 1.02919 1.03695
3.25 1 1.0541 1.06188
3.3 1 1.07887 1.08668
3.35 1 1.10345 1.11129
3.4 1 1.12777 1.13566
3.45 1 1.15177 1.15972
3.5 1 1.17539 1.18341
3.55 1 1.19857 1.20668
3.6 1 1.22126 1.22947
3.65 1 1.24339 1.25172
3.7 1 1.26492 1.27339
3.75 1 1.28578 1.29441
3.8 1 1.30593 1.31474
3.85 1 1.32531 1.33432
3.9 1 1.34388 1.35311
3.95 1 1.36159 1.37107
4 1 1.3784 1.38815
4.05 1 1.39426 1.4043
4.1 1 1.40914 1.41949
4.15 1 1.42299 1.43369
4.2 1 1.43579 1.44685
4.25 1 1.44749 1.45895
4.3 1 1.45808 1.46995
4.35 1 1.46753 1.47983
4.4 1 1.4758 1.48857
4.45 1 1.48289 1.49614
4.5 1 1.48877 1.50253
4.55 1 1.49342 1.50772
4.6 1 1.49685 1.51169
4.65 1 1.49903 1.51445
4.7 1 1.49996 1.51597
4.75 1 1.49965 1.51627
4.8 1 1.49808 1.51533
4.85 1 1.49527 1.51316
4.9 1 1.49123 1.50976
4.95 1 1.48595 1.50515
5 1 1.47946 1.49933
5.05 1 1.47177 1.49232
5.1 1 1.46291 1.48413
5.15 1 1.45288 1.47479
5.2 1 1.44173 1.46432
5.25 1 1.42947 1.45274
5.3 1 1.41613 1.44008
5.35 1 1.40176 1.42638
5.4 1 1.38638 1.41165
5.45 1 1.37004 1.39595
5.5 1 1.35277 1.37931
5.55 1 1.33462 1.36177
5.6 1 1.31563 1.34337
5.65 1 1.29586 1.32416
5.7 1 1.27534 1.30418
5.75 1 1.25414 1.28348
5.8 1 1.2323 1.26211
5.85 1 1.20988 1.24013
5.9 1 1.18694 1.21759
5.95 1 1.16353 1.19454
6 1 1.13971 1.17104
6.05 1 1.11554 1.14715
6.1 1 1.09108 1.12292
6.15 1 1.0664 1.09842
6.2 1 1.04154 1.0737
6.25 1 1.01659 1.04883
6.3 1 0.991593 1.02386
6.35 1 0.966618 0.998854
6.4 1 0.941725 0.973879
6.45 1 0.916979 0.948993
6.5 1 0.89244 0.924257
6.55 1 0.86817 0.899732
6.6 1 0.844229 0.875478
6.65 1 0.820678 0.851555
6.7 1 0.797575 0.82802
6.75 1 0.774978 0.804932
6.8 1 0.752943 0.782349
6.85 1 0.731526 0.760324
6.9 1 0.71078 0.738913
6.95 1 0.690757 0.718168
7 1 0.671507 0.698141
7.05 1 0.653078 0.67888
7.1 1 0.635515 0.660434
7.15 1 0.618864 0.642847
7.2 1 0.603166 0.626163
7.25 1 0.58846 0.610423
7.3 1 0.574782 0.595666
7.35 1 0.562167 0.581929
7.4 1 0.550646 0.569245
7.45 1 0.540248 0.557646
7.5 1 0.531 0.547161
7.55 1 0.522924 0.537815
7.6 1 0.51604 0.529631
7.65 1 0.510366 0.52263
7.7 1 0.505916 0.516829
7.75 1 0.502701 0.512242
7.8 1 0.500728 0.508881
7.85 1 0.500004 0.506754
7.9 1 0.500529 0.505867
7.95 1 0.502303 0.50622
8 1 0.505321 0.507815
8.05 1 0.509575 0.510646
8.1 1 0.515055 0.514707
8.15 1 0.521747 0.519987
8.2 1 0.529635 0.526474
8.25 1 0.538698 0.534151
8.3 1 0.548914 0.543
8.35 1 0.560258 0.552998
8.4 1 0.572701 0.564122
8.45 1 0.586211 0.576343
8.5 1 0.600756 0.589631
8.55 1 0.616299 0.603953
8.6 1 0.632801 0.619275
8.65 1 0.650221 0.635557
8.7 1 0.668515 0.652761
8.75 1 0.687638 0.670843
8.8 1 0.707541 0.68976
8.85 1 0.728176 0.709463
8.9 1 0.74949 0.729906
8.95 1 0.77143 0.751036
9 1 0.793941 0.772803
9.05 1 0.816967 0.795153
9.1 1 0.840451 0.818031
9.15 1 0.864333 0.841381
9.2 1 0.888555 0.865144
9.25 1 0.913055 0.889263
9.3 1 0.937773 0.913679
9.35 1 0.962646 0.938332
9.4 1 0.987612 0.96316
9.45 1 1.01261 0.988104
9.5 1 1.03758 1.0131
9.55 1 1.06245 1.03809
9.6 1 1.08716 1.06302
9.65 1 1.11166 1.08781
9.7 1 1.13588 1.11241
9.75 1 1.15976 1.13677
9.8 1 1.18324 1.16081
9.85 1 1.20626 1.18449
9.9 1 1.22877 1.20774
9.95 1 1.2507 1.2305
10 1 1.27201 1.25273
10.05 1 1.29264 1.27437
10.1 1 1.31254 1.29536
10.15 1 1.33165 1.31565
10.2 1 1.34994 1.3352
10.25 1 1.36735 1.35396
10.3 1 1.38384 1.37187
10.35 1 1.39938 1.38891
10.4 1 1.41391 1.40502
10.45 1 1.42741 1.42017
10.5 1 1.43985 1.43431
10.55 1 1.45118 1.44743
10.6 1 1.46139 1.45947
10.65 1 1.47044 1.47043
10.7 1 1.47832 1.48026
10.75 1 1.485 1.48894
10.8 1 1.49047 1.49646
10.85 1 1.49471 1.50279
10.9 1 1.49772 1.50793
10.95 1 1.49948 1.51185
11 1 1.5 1.51454
11.05 1 1.49926 1.51601
11.1 1 1.49728 1.51625
11.15 1 1.49405 1.51525
11.2 1 1.48959 1.51303
11.25 1 1.4839 1.50958
11.3 1 1.47701 1.50491
11.35 1 1.46892 1.49903
11.4 1 1.45966 1.49197
11.45 1 1.44926 1.48373
11.5 1 1.43773 1.47434
11.55 1 1.4251 1.46381
11.6 1 1.41141 1.45218
11.65 1 1.3967 1.43948
11.7 1 1.38099 1.42572
11.75 1 1.36433 1.41095
11.8 1 1.34676 1.39521
11.85 1 1.32833 1.37853
11.9 1 1.30907 1.36094
11.95 1 1.28904 1.3425
12 1 1.26829 1.32326
12.05 1 1.24686 1.30324
12.1 1 1.22482 1.28251
12.15 1 1.20222 1.26112
12.2 1 1.17911 1.23911
12.25 1 1.15556 1.21654
12.3 1 1.13162 1.19347
12.35 1 1.10734 1.16995
12.4 1 1.0828 1.14605
12.45 1 1.05805 1.1218
12.5 1 1.03316 1.09729
12.55 1 1.00818 1.07256
12.6 1 0.983188 1.04768
12.65 1 0.958234 1.02271
12.7 1 0.933384 0.997707
12.75 1 0.9087 0.972735
12.8 1 0.884245 0.947855
12.85 1 0.860079 0.923128
12.9 1 0.836263 0.898614
12.95 1 0.812856 0.874374
13 1 0.789916 0.850466
13.05 1 0.767502 0.826951
13.1 1 0.745669 0.803885
13.15 1 0.724472 0.781326
13.2 1 0.703963 0.759328
13.25 1 0.684195 0.737947
13.3 1 0.665215 0.717234
13.35 1 0.647073 0.69724
13.4 1 0.629812 0.678016
13.45 1 0.613477 0.659608
13.5 1 0.598108 0.642061
13.55 1 0.583743 0.62542
13.6 1 0.570419 0.609724
13.65 1 0.558169 0.595014
13.7 1 0.547023 0.581324
13.75 1 0.537009 0.56869
13.8 1 0.528152 0.557141
13.85 1 0.520475 0.546707
13.9 1 0.513996 0.537414
13.95 1 0.508732 0.529284
14 1 0.504696 0.522338
14.05 1 0.501898 0.516592
14.1 1 0.500345 0.512061
14.15 1 0.500041 0.508757
14.2 1 0.500987 0.506686
14.25 1 0.503179 0.505856
14.3 1 0.506614 0.506266
14.35 1 0.511282 0.507918
14.4 1 0.517171 0.510805
14.45 1 0.524267 0.514922
14.5 1 0.532552 0.520258
14.55 1 0.542006 0.5268
14.6 1 0.552604 0.534531
14.65 1 0.564321 0.543433
14.7 1 0.577127 0.553484
14.75 1 0.590989 0.564658
14.8 1 0.605874 0.576929
14.85 1 0.621744 0.590265
14.9 1 0.638559 0.604634
14.95 1 0.656278 0.620001
15 1 0.674856 0.636326
15.05 1 0.694247 0.653571
15.1 1 0.714402 0.671693
15.15 1 0.73527 0.690646
15.2 1 0.756801 0.710385
15.25 1 0.778939 0.73086
15.3 1 0.80163 0.752021
15.35 1 0.824816 0.773816
15.4 1 0.848441 0.796192
15.45 1 0.872444 0.819092
15.5 1 0.896766 0.842462
15.55 1 0.921346 0.866243
15.6 1 0.946123 0.890377
15.65 1 0.971035 0.914805
15.7 1 0.996018 0.939467
15.75 1 1.02101 0.964302
15.8 1 1.04595 0.98925
15.85 1 1.07078 1.01425
15.9 1 1.09543 1.03924
15.95 1 1.11984 1.06416
16 1 1.14395 1.08894
16.05 1 1.1677 1.11354
16.1 1 1.19104 1.13788
16.15 1 1.21389 1.1619
16.2 1 1.23621 1.18556
16.25 1 1.25794 1.20879
16.3 1 1.27903 1.23153
16.35 1 1.29941 1.25374
16.4 1 1.31905 1.27534
16.45 1 1.3379 1.2963
16.5 1 1.35589 1.31657
16.55 1 1.373 1.33608
16.6 1 1.38918 1.3548
16.65 1 1.40438 1.37267
16.7 1 1.41857 1.38967
16.75 1 1.43172 1.40573
16.8 1 1.44378 1.42084
16.85 1 1.45474 1.43494
16.9 1 1.46456 1.448
16.95 1 1.47322 1.46
17 1 1.4807 1.4709
17.05 1 1.48697 1.48068
17.1 1 1.49203 1.48931
17.15 1 1.49586 1.49678
17.2 1 1.49845 1.50306
17.25 1 1.49979 1.50813
17.3 1 1.49989 1.512
17.35 1 1.49873 1.51464
17.4 1 1.49633 1.51605
17.45 1 1.49269 1.51623
17.5 1 1.48781 1.51518
17.55 1 1.48172 1.5129
17.6 1 1.47442 1.50939
17.65 1 1.46594 1.50467
17.7 1 1.45629 1.49874
17.75 1 1.4455 1.49162
17.8 1 1.4336 1.48333
17.85 1 1.42062 1.47388
17.9 1 1.40658 1.4633
17.95 1 1.39153 1.45162
18 1 1.37549 1.43887
18.05 1 1.35852 1.42507
18.1 1 1.34066 1.41025
18.15 1 1.32194 1.39447
18.2 1 1.30242 1.37774
18.25 1 1.28214 1.36012
18.3 1 1.26115 1.34164
18.35 1 1.23952 1.32235
18.4 1 1.21728 1.30231
18.45 1 1.1945 1.28155
18.5 1 1.17124 1.26012
18.55 1 1.14755 1.23809
18.6 1 1.12349 1.2155
18.65 1 1.09912 1.1924
18.7 1 1.0745 1.16887
18.75 1 1.0497 1.14494
18.8 1 1.02477 1.12069
18.85 1 0.999778 1.09616
18.9 1 0.974789 1.07142
18.95 1 0.949862 1.04654
19 1 0.925061 1.02156
19.05 1 0.900448 0.996561
19.1 1 0.876083 0.971592
19.15 1 0.852028 0.946717
19.2 1 0.828343 0.921998
19.25 1 0.805086 0.897496
19.3 1 0.782317 0.873269
19.35 1 0.760092 0.849379
19.4 1 0.738467 0.825883
19.45 1 0.717496 0.802839
19.5 1 0.69723 0.780304
19.55 1 0.677721 0.758334
19.6 1 0.659018 0.736982
19.65 1 0.641167 0.716301
19.7 1 0.624213 0.696342
19.75 1 0.608199 0.677154
19.8 1 0.593163 0.658784
19.85 1 0.579145 0.641278
19.9 1 0.566178 0.624679
19.95 1 0.554296 0.609028
20 1 0.543527 0.594363
20.05 1 0.5339 0.580721
20.1 1 0.525438 0.568136
20.15 1 0.518162 0.556638
20.2 1 0.51209 0.546256
20.25 1 0.507237 0.537015
20.3 1 0.503617 0.528939
20.35 1 0.501237 0.522048
20.4 1 0.500104 0.516357
20.45 1 0.50022 0.511883
20.5 1 0.501585 0.508635
20.55 1 0.504196 0.506621
20.6 1 0.508047 0.505847
20.65 1 0.513127 0.506315
20.7 1 0.519424 0.508023
20.75 1 0.526922 0.510967
20.8 1 0.535602 0.51514
20.85 1 0.545444 0.520532
20.9 1 0.556421 0.527128
20.95 1 0.568507 0.534914
21 1 0.581672 0.543869
21.05 1 0.595883 0.553972
21.1 1 0.611103 0.565197
21.15 1 0.627295 0.577517
21.2 1 0.644419 0.590902
21.25 1 0.662432 0.605317
21.3 1 0.681289 0.620729
21.35 1 0.700942 0.637097
21.4 1 0.721342 0.654384
21.45 1 0.74244 0.672544
21.5 1 0.76418 0.691535
21.55 1 0.786511 0.711308
21.6 1 0.809375 0.731816
21.65 1 0.832715 0.753007
21.7 1 0.856474 0.77483
21.75 1 0.880591 0.797231
21.8 1 0.905007 0.820154
21.85 1 0.92966 0.843544
21.9 1 0.954489 0.867342
21.95 1 0.979432 0.891491
22 1 1.00443 0.915931
22.05 1 1.02941 0.940603
22.1 1 1.05432 0.965444
22.15 1 1.07909 0.990396
22.2 1 1.10367 1.0154
22.25 1 1.12799 1.04038
22.3 1 1.15198 1.0653
22.35 1 1.1756 1.09007
22.4 1 1.19878 1.11466
22.45 1 1.22146 1.13899
22.5 1 1.24359 1.163
22.55 1 1.26511 1.18664
22.6 1 1.28596 1.20984
22.65 1 1.3061 1.23256
22.7 1 1.32548 1.25474
22.75 1 1.34404 1.27632
22.8 1 1.36175 1.29725
22.85 1 1.37855 1.31748
22.9 1 1.3944 1.33696
22.95 1 1.40927 1.35564
23 1 1.42311 1.37347
23.05 1 1.4359 1.39042
23.1 1 1.44759 1.40645
23.15 1 1.45817 1.42151
23.2 1 1.4676 1.43556
23.25 1 1.47587 1.44858
23.3 1 1.48294 1.46052
23.35 1 1.48881 1.47138
23.4 1 1.49346 1.4811
23.45 1 1.49687 1.48968
23.5 1 1.49904 1.49709
23.55 1 1.49996 1.50331
23.6 1 1.49964 1.50834
23.65 1 1.49806 1.51215
23.7 1 1.49524 1.51473
23.75 1 1.49118 1.51609
23.8 1 1.4859 1.51621
23.85 1 1.4794 1.5151
23.9 1 1.4717 1.51276
23.95 1 1.46282 1.5092
24 1 1.45279 1.50442
24.05 1 1.44162 1.49844
24.1 1 1.42935 1.49126
24.15 1 1.41601 1.48292
24.2 1 1.40163 1.47342
24.25 1 1.38624 1.46279
24.3 1 1.36989 1.45106
24.35 1 1.35261 1.43826
24.4 1 1.33445 1.42441
24.45 1 1.31546 1.40955
24.5 1 1.29568 1.39372
24.55 1 1.27516 1.37695
24.6 1 1.25395 1.35929
24.65 1 1.2321 1.34077
24.7 1 1.20968 1.32145
24.75 1 1.18673 1.30137
24.8 1 1.16332 1.28058
24.85 1 1.13949 1.25912
24.9 1 1.11532 1.23706
24.95 1 1.09086 1.21445
25 1 1.06618 1.19133
25.05 1 1.04132 1.16778
25.1 1 1.01637 1.14383
25.15 1 0.991371 1.11957
25.2 1 0.966396 1.09503
25.25 1 0.941505 1.07029
25.3 1 0.91676 1.04539
25.35 1 0.892223 1.02042
25.4 1 0.867956 0.995414
25.45 1 0.844018 0.970448
25.5 1 0.820471 0.94558
25.55 1 0.797372 0.920869
25.6 1 0.77478 0.896378
25.65 1 0.75275 0.872166
25.7 1 0.731339 0.848292
25.75 1 0.710599 0.824816
25.8 1 0.690582 0.801794
25.85 1 0.671339 0.779284
25.9 1 0.652918 0.757341
25.95 1 0.635364 0.736018
26 1 0.618721 0.715369
26.05 1 0.603031 0.695444
26.1 1 0.588333 0.676293
26.15 1 0.574665 0.657962
26.2 1 0.562059 0.640497
26.25 1 0.550549 0.62394
26.3 1 0.540161 0.608334
26.35 1 0.530923 0.593715
26.4 1 0.522857 0.580121
26.45 1 0.515984 0.567585
26.5 1 0.510321 0.556137
26.55 1 0.505882 0.545807
26.6 1 0.502678 0.536619
26.65 1 0.500716 0.528597
26.7 1 0.500003 0.52176
26.75 1 0.50054 0.516126
26.8 1 0.502324 0.511707
26.85 1 0.505353 0.508515
26.9 1 0.509618 0.506559
26.95 1 0.515109 0.505842
27 1 0.521812 0.506366
27.05 1 0.52971 0.508131
27.1 1 0.538784 0.511132
27.15 1 0.54901 0.515361
27.2 1 0.560363 0.520808
27.25 1 0.572816 0.52746
27.3 1 0.586336 0.535299
27.35 1 0.60089 0.544308
27.4 1 0.616442 0.554463
27.45 1 0.632952 0.565739
27.5 1 0.65038 0.578108
27.55 1 0.668682 0.591541
27.6 1 0.687811 0.606003
27.65 1 0.707722 0.621459
27.7 1 0.728362 0.63787
27.75 1 0.749682 0.655198
27.8 1 0.771627 0.673397
27.85 1 0.794143 0.692425
27.9 1 0.817174 0.712233
27.95 1 0.840661 0.732773
28 1 0.864547 0.753994
28.05 1 0.888772 0.775845
28.1 1 0.913274 0.798271
28.15 1 0.937993 0.821217
28.2 1 0.962867 0.844627
28.25 1 0.987834 0.868443
28.3 1 1.01283 0.892606
28.35 1 1.0378 0.917058
28.4 1 1.06267 0.941739
28.45 1 1.08738 0.966587
28.5 1 1.11188 0.991542
28.55 1 1.13609 1.01654
28.6 1 1.15997 1.04153
28.65 1 1.18345 1.06644
28.7 1 1.20646 1.09121
28.75 1 1.22897 1.11578
28.8 1 1.25089 1.14009
28.85 1 1.2722 1.16409
28.9 1 1.29282 1.18771
28.95 1 1.31271 1.2109
29 1 1.33182 1.23359
29.05 1 1.3501 1.25574
29.1 1 1.3675 1.27729
29.15 1 1.38399 1.29819
29.2 1 1.39951 1.31839
29.25 1 1.41404 1.33783
29.3 1 1.42753 1.35647
29.35 1 1.43995 1.37427
29.4 1 1.45128 1.39118
29.45 1 1.46147 1.40716
29.5 1 1.47052 1.42217
29.55 1 1.47838 1.43618
29.6 1 1.48505 1.44915
29.65 1 1.49051 1.46105
29.7 1 1.49474 1.47185
29.75 1 1.49774 1.48152
29.8 1 1.49949 1.49005
29.85 1 1.49999 1.4974
29.9 1 1.49925 1.50357
29.95 1 1.49725 1.50854
30 1 1.49402 1.51229
30.05 1 1.48954 1.51482
30.1 1 1.48385 1.51612
30.15 1 1.47694 1.51619
30.2 1 1.46885 1.51502
30.25 1 1.45958 1.51263
30.3 1 1.44916 1.50901
30.35 1 1.43762 1.50417
30.4 1 1.42498 1.49813
30.45 1 1.41129 1.49091
30.5 1 1.39656 1.48251
30.55 1 1.38085 1.47296
30.6 1 1.36418 1.46228
30.65 1 1.3466 1.4505
30.7 1 1.32816 1.43765
30.75 1 1.30889 1.42375
30.8 1 1.28886 1.40885
30.85 1 1.2681 1.39297
30.9 1 1.24667 1.37616
30.95 1 1.22463 1.35846
31 1 1.20202 1.3399
31.05 1 1.17891 1.32055
31.1 1 1.15535 1.30043
31.15 1 1.1314 1.27961
31.2 1 1.10713 1.25813
31.25 1 1.08258 1.23604
31.3 1 1.05783 1.2134
31.35 1 1.03294 1.19026
31.4 1 1.00796 1.16669
31.45 1 0.982967 1.14273
31.5 1 0.958013 1.11845
31.55 1 0.933164 1.0939
31.6 1 0.908482 1.06915
31.65 1 0.884029 1.04425
31.7 1 0.859866 1.01927
31.75 1 0.836053 0.994268
31.8 1 0.81265 0.969305
31.85 1 0.789715 0.944443
31.9 1 0.767306 0.919741
31.95 1 0.745478 0.895261
32 1 0.724287 0.871063
32.05 1 0.703784 0.847207
32.1 1 0.684022 0.82375
32.15 1 0.66505 0.80075
32.2 1 0.646915 0.778265
32.25 1 0.629663 0.756349
32.3 1 0.613336 0.735056
32.35 1 0.597976 0.714439
32.4 1 0.58362 0.694549
32.45 1 0.570306 0.675434
32.5 1 0.558065 0.657142
32.55 1 0.546929 0.639717
32.6 1 0.536925 0.623204
32.65 1 0.528079 0.607641
32.7 1 0.520412 0.593069
32.75 1 0.513944 0.579523
32.8 1 0.508691 0.567036
32.85 1 0.504666 0.555639
32.9 1 0.501879 0.54536
32.95 1 0.500337 0.536226
33 1 0.500044 0.528258
33.05 1 0.501001 0.521475
33.1 1 0.503204 0.515896
33.15 1 0.50665 0.511534
33.2 1 0.511329 0.508398
33.25 1 0.517229 0.506499
33.3 1 0.524336 0.505839
33.35 1 0.532631 0.50642
33.4 1 0.542095 0.508242
33.45 1 0.552704 0.511299
33.5 1 0.56443 0.515584
33.55 1 0.577245 0.521087
33.6 1 0.591117 0.527793
33.65 1 0.606011 0.535687
33.7 1 0.621889 0.544749
33.75 1 0.638713 0.554955
33.8 1 0.656439 0.566282
33.85 1 0.675025 0.578701
33.9 1 0.694422 0.592181
33.95 1 0.714584 0.60669
34 1 0.735459 0.622191
34.05 1 0.756995 0.638645
34.1 1 0.779138 0.656014
34.15 1 0.801834 0.674252
34.2 1 0.825024 0.693316
34.25 1 0.848652 0.713159
34.3 1 0.872659 0.733732
34.35 1 0.896984 0.754983
34.4 1 0.921566 0.776861
34.45 1 0.946344 0.799312
34.5 1 0.971256 0.822281
34.55 1 0.99624 0.84571
34.6 1 1.02123 0.869544
34.65 1 1.04617 0.893722
34.7 1 1.071 0.918186
34.75 1 1.09565 0.942875
34.8 1 1.12006 0.967729
34.85 1 1.14416 0.992688
34.9 1 1.16791 1.01769
34.95 1 1.19124 1.04267
35 1 1.21409 1.06758
35.05 1 1.23641 1.09234
35.1 1 1.25813 1.1169
35.15 1 1.27921 1.1412
35.2 1 1.29959 1.16518
35.25 1 1.31922 1.18878
35.3 1 1.33806 1.21195
35.35 1 1.35605 1.23462
35.4 1 1.37315 1.25675
35.45 1 1.38932 1.27827
35.5 1 1.40451 1.29913
35.55 1 1.41869 1.3193
35.6 1 1.43183 1.3387
35.65 1 1.44389 1.35731
35.7 1 1.45483 1.37507
35.75 1 1.46464 1.39193
35.8 1 1.47329 1.40787
35.85 1 1.48076 1.42284
35.9 1 1.48702 1.4368
35.95 1 1.49207 1.44972
36 1 1.49589 1.46157
36.05 1 1.49847 1.47231
36.1 1 1.4998 1.48194
36.15 1 1.49988 1.49041
36.2 1 1.49872 1.49771
36.25 1 1.4963 1.50383
36.3 1 1.49265 1.50874
36.35 1 1.48776 1.51243
36.4 1 1.48166 1.51491
36.45 1 1.47435 1.51615
36.5 1 1.46586 1.51616
36.55 1 1.4562 1.51494
36.6 1 1.4454 1.51249
36.65 1 1.43349 1.50881
36.7 1 1.4205 1.50392
36.75 1 1.40645 1.49783
36.8 1 1.39139 1.49055
36.85 1 1.37535 1.48209
36.9 1 1.35837 1.47249
36.95 1 1.34049 1.46176
37 1 1.32177 1.44993
37.05 1 1.30224 1.43703
37.1 1 1.28195 1.42309
37.15 1 1.26096 1.40814
37.2 1 1.23932 1.39222
37.25 1 1.21708 1.37537
37.3 1 1.1943 1.35762
37.35 1 1.17103 1.33903
37.4 1 1.14734 1.31964
37.45 1 1.12327 1.29949
37.5 1 1.0989 1.27864
37.55 1 1.07428 1.25713
37.6 1 1.04947 1.23501
37.65 1 1.02455 1.21235
37.7 1 0.999556 1.18919
37.75 1 0.974567 1.1656
37.8 1 0.949641 1.14162
37.85 1 0.924842 1.11733
37.9 1 0.90023 1.09277
37.95 1 0.875868 1.06801
38 1 0.851816 1.04311
38.05 1 0.828134 1.01812
38.1 1 0.804882 0.993122
38.15 1 0.782117 0.968162
38.2 1 0.759898 0.943306
38.25 1 0.738278 0.918613
38.3 1 0.717312 0.894145
38.35 1 0.697053 0.869961
38.4 1 0.677552 0.846122
38.45 1 0.658856 0.822684
38.5 1 0.641013 0.799707
38.55 1 0.624067 0.777247
38.6 1 0.608061 0.755358
38.65 1 0.593034 0.734096
38.7 1 0.579025 0.713511
38.75 1 0.566068 0.693655
38.8 1 0.554195 0.674577
38.85 1 0.543437 0.656323
38.9 1 0.53382 0.63894
38.95 1 0.525368 0.622469
39 1 0.518102 0.606951
39.05 1 0.512041 0.592425
39.1 1 0.5072 0.578927
39.15 1 0.50359 0.566489
39.2 1 0.501221 0.555143
39.25 1 0.500099 0.544916
39.3 1 0.500226 0.535835
39.35 1 0.501603 0.52792
39.4 1 0.504225 0.521193
39.45 1 0.508086 0.515669
39.5 1 0.513177 0.511363
39.55 1 0.519485 0.508284
39.6 1 0.526994 0.506441
39.65 1 0.535685 0.505838
39.7 1 0.545536 0.506476
39.75 1 0.556524 0.508355
39.8 1 0.56862 0.511469
39.85 1 0.581794 0.51581
39.9 1 0.596013 0.521368
39.95 1 0.611243 0.52813
40 1 0.627443 0.536077
40.05 1 0.644576 0.545192
40.1 1 0.662596 0.55545
40.15 1 0.68146 0.566828
40.2 1 0.70112 0.579296
40.25 1 0.721527 0.592825
40.3 1 0.74263 0.607379
40.35 1 0.764376 0.622925
40.4 1 0.786712 0.639422
40.45 1 0.80958 0.656831
40.5 1 0.832924 0.675109
40.55 1 0.856686 0.69421
40.6 1 0.880807 0.714087
40.65 1 0.905225 0.734692
40.7 1 0.92988 0.755973
40.75 1 0.95471 0.777879
40.8 1 0.979653 0.800355
40.85 1 1.00465 0.823346
40.9 1 1.02963 0.846795
40.95 1 1.05454 0.870645
41 1 1.07931 0.894838
41.05 1 1.10389 0.919313
41.1 1 1.1282 0.944012
41.15 1 1.15219 0.968872
41.2 1 1.17581 0.993834
41.25 1 1.19898 1.01884
41.3 1 1.22166 1.04382
41.35 1 1.24378 1.06871
41.4 1 1.26529 1.09347
41.45 1 1.28614 1.11802
41.5 1 1.30628 1.14231
41.55 1 1.32565 1.16627
41.6 1 1.34421 1.18986
41.65 1 1.3619 1.213
41.7 1 1.37869 1.23565
41.75 1 1.39454 1.25775
41.8 1 1.40939 1.27924
41.85 1 1.42323 1.30007
41.9 1 1.43601 1.3202
41.95 1 1.44769 1.33957
42 1 1.45826 1.35814
42.05 1 1.46768 1.37586
42.1 1 1.47594 1.39269
42.15 1 1.483 1.40858
42.2 1 1.48886 1.4235
42.25 1 1.49349 1.43741
42.3 1 1.4969 1.45028
42.35 1 1.49905 1.46208
42.4 1 1.49997 1.47278
42.45 1 1.49963 1.48235
42.5 1 1.49804 1.49077
42.55 1 1.49521 1.49802
42.6 1 1.49114 1.50408
42.65 1 1.48585 1.50893
42.7 1 1.47934 1.51257
42.75 1 1.47163 1.51499
42.8 1 1.46274 1.51618
42.85 1 1.45269 1.51613
42.9 1 1.44152 1.51485
42.95 1 1.42924 1.51234
43 1 1.41589 1.50861
43.05 1 1.4015 1.50367
43.1 1 1.3861 1.49752
43.15 1 1.36974 1.49018
43.2 1 1.35246 1.48168
43.25 1 1.33429 1.47202
43.3 1 1.31529 1.46124
43.35 1 1.2955 1.44936
43.4 1 1.27497 1.43641
43.45 1 1.25376 1.42242
43.5 1 1.23191 1.40743
43.55 1 1.20948 1.39147
43.6 1 1.18653 1.37457
43.65 1 1.16311 1.35679
43.7 1 1.13928 1.33816
43.75 1 1.11511 1.31873
43.8 1 1.09064 1.29855
43.85 1 1.06596 1.27766
43.9 1 1.0411 1.25612
43.95 1 1.01615 1.23398
44 1 0.991149 1.2113
44.05 1 0.966174 1.18812
44.1 1 0.941284 1.1645
44.15 1 0.916541 1.14051
44.2 1 0.892006 1.1162
44.25 1 0.867742 1.09164
44.3 1 0.843807 1.06687
44.35 1 0.820264 1.04196
44.4 1 0.797169 1.01698
44.45 1 0.774581 0.991976
44.5 1 0.752557 0.96702
44.55 1 0.731152 0.942169
44.6 1 0.710418 0.917486
44.65 1 0.690408 0.893029
44.7 1 0.671172 0.86886
44.75 1 0.652758 0.845038
44.8 1 0.635212 0.82162
44.85 1 0.618577 0.798666
44.9 1 0.602896 0.77623
44.95 1 0.588208 0.754369
45 1 0.574548 0.733136
45.05 1 0.561952 0.712584
45.1 1 0.550451 0.692763
45.15 1 0.540074 0.673721
45.2 1 0.530846 0.655507
45.25 1 0.522791 0.638164
45.3 1 0.515929 0.621736
45.35 1 0.510276 0.606263
45.4 1 0.505848 0.591783
45.45 1 0.502655 0.578333
45.5 1 0.500705 0.565944
45.55 1 0.500002 0.554649
45.6 1 0.50055 0.544475
45.65 1 0.502346 0.535446
45.7 1 0.505386 0.527586
45.75 1 0.509662 0.520913
45.8 1 0.515163 0.515445
45.85 1 0.521877 0.511195
45.9 1 0.529786 0.508173
45.95 1 0.538869 0.506386
46 1 0.549106 0.50584
46.05 1 0.560469 0.506535
46.1 1 0.572931 0.508471
46.15 1 0.586461 0.511641
46.2 1 0.601024 0.516038
46.25 1 0.616584 0.521652
46.3 1 0.633103 0.528468
46.35 1 0.650539 0.53647
46.4 1 0.668848 0.545637
46.45 1 0.687985 0.555948
46.5 1 0.707902 0.567376
46.55 1 0.728549 0.579894
46.6 1 0.749874 0.59347
46.65 1 0.771825 0.608071
46.7 1 0.794345 0.623661
46.75 1 0.81738 0.640201
46.8 1 0.840872 0.657651
46.85 1 0.864761 0.675967
46.9 1 0.888988 0.695105
46.95 1 0.913493 0.715017
47 1 0.938213 0.735653
47.05 1 0.963089 0.756965
47.1 1 0.988056 0.778898
47.15 1 1.01305 0.801398
47.2 1 1.03802 0.824411
47.25 1 1.06289 0.847881
47.3 1 1.0876 0.871748
47.35 1 1.11209 0.895955
47.4 1 1.13631 0.920442
47.45 1 1.16018 0.945149
47.5 1 1.18365 0.970015
47.55 1 1.20667 0.99498
47.6 1 1.22916 1.01998
47.65 1 1.25109 1.04496
47.7 1 1.27238 1.06985
47.75 1 1.293 1.0946
47.8 1 1.31288 1.11914
47.85 1 1.33198 1.14342
47.9 1 1.35025 1.16736
47.95 1 1.36765 1.19093
48 1 1.38413 1.21405
48.05 1 1.39964 1.23667
48.1 1 1.41416 1.25875
48.15 1 1.42764 1.28021
48.2 1 1.44006 1.30101
48.25 1 1.45137 1.32111
48.3 1 1.46156 1.34044
48.35 1 1.47059 1.35897
48.4 1 1.47845 1.37665
48.45 1 1.48511 1.39343
48.5 1 1.49055 1.40928
48.55 1 1.49478 1.42416
48.6 1 1.49776 1.43803
48.65 1 1.4995 1.45085
48.7 1 1.49999 1.4626
48.75 1 1.49924 1.47324
48.8 1 1.49723 1.48276
48.85 1 1.49398 1.49113
48.9 1 1.4895 1.49832
48.95 1 1.48379 1.50433
49 1 1.47688 1.50913
49.05 1 1.46877 1.51271
49.1 1 1.45949 1.51507
49.15 1 1.44906 1.5162
49.2 1 1.43751 1.5161
49.25 1 1.42487 1.51476
49.3 1 1.41116 1.5122
49.35 1 1.39643 1.50841
49.4 1 1.3807 1.50341
49.45 1 1.36403 1.49721
49.5 1 1.34644 1.48982
49.55 1 1.32799 1.48126
49.6 1 1.30872 1.47155
49.65 1 1.28868 1.46072
49.7 1 1.26791 1.44879
49.75 1 1.24648 1.43579
49.8 1 1.22443 1.42176
49.85 1 1.20182 1.40672
49.9 1 1.1787 1.39071
49.95 1 1.15514 1.37378
50 1 1.13119 1.35595
50.05 1 1.10691 1.33729
50.1 1 1.08236 1.31782
50.15 1 1.05761 1.29761
50.2 1 1.03272 1.27669
50.25 1 1.00774 1.25512
50.3 1 0.982745 1.23295
50.35 1 0.957792 1.21024
50.4 1 0.932944 1.18704
50.45 1 0.908264 1.16341
50.5 1 0.883813 1.13941
50.55 1 0.859653 1.11508
50.6 1 0.835843 1.0905
50.65 1 0.812444 1.06573
50.7 1 0.789514 1.04082
50.75 1 0.767109 1.01583
50.8 1 0.745287 0.99083
50.85 1 0.724101 0.965877
50.9 1 0.703605 0.941033
50.95 1 0.68385 0.916359
51 1 0.664885 0.891914
51.05 1 0.646758 0.867759
51.1 1 0.629514 0.843954
51.15 1 0.613195 0.820557
51.2 1 0.597844 0.797625
51.25 1 0.583497 0.775215
51.3 1 0.570192 0.753381
51.35 1 0.557961 0.732179
51.4 1 0.546835 0.711659
51.45 1 0.536841 0.691872
51.5 1 0.528005 0.672867
51.55 1 0.520349 0.654692
51.6 1 0.513892 0.63739
51.65 1 0.50865 0.621005
51.7 1 0.504636 0.605577
51.75 1 0.50186 0.591144
51.8 1 0.500329 0.577741
51.85 1 0.500047 0.565402
51.9 1 0.501015 0.554158
51.95 1 0.50323 0.544035
52 1 0.506686 0.53506
52.05 1 0.511376 0.527254
52.1 1 0.517287 0.520636
52.15 1 0.524404 0.515224
52.2 1 0.53271 0.511029
52.25 1 0.542184 0.508064
52.3 1 0.552803 0.506334
52.35 1 0.564539 0.505845
52.4 1 0.577364 0.506597
52.45 1 0.591245 0.508589
52.5 1 0.606147 0.511816
52.55 1 0.622034 0.516269
52.6 1 0.638866 0.521938
52.65 1 0.656601 0.528809
52.7 1 0.675194 0.536865
52.75 1 0.694598 0.546085
52.8 1 0.714766 0.556448
52.85 1 0.735647 0.567927
52.9 1 0.757189 0.580494
52.95 1 0.779337 0.594117
53 1 0.802037 0.608765
53.05 1 0.825232 0.624399
53.1 1 0.848864 0.640982
53.15 1 0.872874 0.658472
53.2 1 0.897201 0.676827
53.25 1 0.921785 0.696001
53.3 1 0.946565 0.715947
53.35 1 0.971478 0.736616
53.4 1 0.996462 0.757957
53.45 1 1.02146 0.779917
53.5 1 1.0464 0.802443
53.55 1 1.07122 0.825478
53.6 1 1.09587 0.848967
53.65 1 1.12027 0.872851
53.7 1 1.14438 0.897072
53.75 1 1.16812 0.92157
53.8 1 1.19145 0.946286
53.85 1 1.21429 0.971158
53.9 1 1.2366 0.996126
53.95 1 1.25832 1.02113
54 1 1.27939 1.0461
54.05 1 1.29977 1.07099
54.1 1 1.3194 1.09573
54.15 1 1.33822 1.12026
54.2 1 1.3562 1.14452
54.25 1 1.3733 1.16845
54.3 1 1.38945 1.192
54.35 1 1.40464 1.2151
54.4 1 1.41881 1.2377
54.45 1 1.43194 1.25974
54.5 1 1.44399 1.28118
54.55 1 1.45493 1.30195
54.6 1 1.46473 1.32201
54.65 1 1.47336 1.34131
54.7 1 1.48082 1.3598
54.75 1 1.48707 1.37744
54.8 1 1.49211 1.39418
54.85 1 1.49592 1.40999
54.9 1 1.49848 1.42482
54.95 1 1.49981 1.43864
55 1 1.49988 1.45141
55.05 1 1.4987 1.46311
55.1 1 1.49628 1.47371
55.15 1 1.49261 1.48317
55.2 1 1.48772 1.49148
55.25 1 1.4816 1.49862
55.3 1 1.47428 1.50457
55.35 1 1.46578 1.50932
55.4 1 1.45611 1.51285
55.45 1 1.4453 1.51515
55.5 1 1.43338 1.51622
55.55 1 1.42038 1.51607
55.6 1 1.40632 1.51467
55.65 1 1.39125 1.51205
55.7 1 1.3752 1.50821
55.75 1 1.35821 1.50315
55.8 1 1.34033 1.4969
55.85 1 1.3216 1.48945
55.9 1 1.30206 1.48084
55.95 1 1.28177 1.47108
56 1 1.26078 1.4602
56.05 1 1.23913 1.44822
56.1 1 1.21688 1.43517
56.15 1 1.1941 1.42109
56.2 1 1.17082 1.40601
56.25 1 1.14712 1.38995
56.3 1 1.12306 1.37298
56.35 1 1.09868 1.35512
56.4 1 1.07406 1.33641
56.45 1 1.04925 1.31691
56.5 1 1.02432 1.29666
56.55 1 0.999334 1.27571
56.6 1 0.974345 1.25412
56.65 1 0.949421 1.23192
56.7 1 0.924622 1.20919
56.75 1 0.900013 1.18597
56.8 1 0.875653 1.16232
56.85 1 0.851604 1.1383
56.9 1 0.827926 1.11396
56.95 1 0.804677 1.08937
57 1 0.781918 1.06459
57.05 1 0.759703 1.03967
57.1 1 0.738089 1.01468
57.15 1 0.717129 0.989684
57.2 1 0.696877 0.964735
57.25 1 0.677382 0.939897
57.3 1 0.658694 0.915232
57.35 1 0.640858 0.890799
57.4 1 0.623921 0.86666
57.45 1 0.607923 0.842872
57.5 1 0.592905 0.819495
57.55 1 0.578905 0.796585
57.6 1 0.565957 0.7742
57.65 1 0.554095 0.752395
57.7 1 0.543346 0.731222
57.75 1 0.533739 0.710735
57.8 1 0.525298 0.690983
57.85 1 0.518043 0.672015
57.9 1 0.511993 0.653879
57.95 1 0.507162 0.636619
58 1 0.503564 0.620276
58.05 1 0.501206 0.604893
58.1 1 0.500095 0.590506
58.15 1 0.500233 0.577152
58.2 1 0.501621 0.564862
58.25 1 0.504254 0.553669
58.3 1 0.508126 0.543598
58.35 1 0.513228 0.534676
58.4 1 0.519546 0.526924
58.45 1 0.527066 0.520361
58.5 1 0.535767 0.515004
58.55 1 0.545629 0.510866
58.6 1 0.556626 0.507957
58.65 1 0.568732 0.506285
58.7 1 0.581916 0.505852
58.75 1 0.596144 0.506661
58.8 1 0.611382 0.50871
58.85 1 0.627592 0.511993
58.9 1 0.644732 0.516503
58.95 1 0.66276 0.522227
59 1 0.681631 0.529153
59.05 1 0.701298 0.537262
59.1 1 0.721711 0.546536
59.15 1 0.74282 0.55695
59.2 1 0.764572 0.568479
59.25 1 0.786912 0.581095
59.3 1 0.809785 0.594767
59.35 1 0.833134 0.60946
59.4 1 0.856899 0.625139
59.45 1 0.881022 0.641764
59.5 1 0.905443 0.659295
59.55 1 0.9301 0.677689
59.6 1 0.954931 0.6969
59.65 1 0.979875 0.71688
59.7 1 1.00487 0.737581
59.75 1 1.02985 0.758951
59.8 1 1.05476 0.780938
59.85 1 1.07953 0.803489
59.9 1 1.1041 0.826546
59.95 1 1.12841 0.850054
60 1 1.15241 0.873955
60.05 1 1.17602 0.89819
60.1 1 1.19919 0.922699
60.15 1 1.22186 0.947424
60.2 1 1.24397 0.972302
60.25 1 1.26548 0.997272
60.3 1 1.28633 1.02228
60.35 1 1.30646 1.04725
60.4 1 1.32582 1.07213
60.45 1 1.34437 1.09686
60.5 1 1.36205 1.12138
60.55 1 1.37884 1.14563
60.6 1 1.39467 1.16954
60.65 1 1.40952 1.19307
60.7 1 1.42335 1.21615
60.75 1 1.43611 1.23872
60.8 1 1.44779 1.26074
60.85 1 1.45835 1.28215
60.9 1 1.46776 1.30289
60.95 1 1.47601 1.32291
61 1 1.48306 1.34218
61.05 1 1.48891 1.36063
61.1 1 1.49353 1.37823
61.15 1 1.49692 1.39493
61.2 1 1.49907 1.41069
61.25 1 1.49997 1.42547
61.3 1 1.49962 1.43925
61.35 1 1.49802 1.45197
61.4 1 1.49518 1.46362
61.45 1 1.4911 1.47416
61.5 1 1.48579 1.48358
61.55 1 1.47927 1.49184
61.6 1 1.47155 1.49892
61.65 1 1.46266 1.50482
61.7 1 1.4526 1.50951
61.75 1 1.44141 1.51298
61.8 1 1.42913 1.51523
61.85 1 1.41576 1.51624
61.9 1 1.40136 1.51603
61.95 1 1.38596 1.51458
62 1 1.36959 1.5119
62.05 1 1.3523 1.508
62.1 1 1.33412 1.50289
62.15 1 1.31512 1.49658
62.2 1 1.29532 1.48908
62.25 1 1.27479 1.48042
62.3 1 1.25357 1.47061
62.35 1 1.23171 1.45967
62.4 1 1.20928 1.44765
62.45 1 1.18632 1.43455
62.5 1 1.1629 1.42042
62.55 1 1.13907 1.40529
62.6 1 1.11489 1.3892
62.65 1 1.09043 1.37218
62.7 1 1.06574 1.35428
62.75 1 1.04088 1.33553
62.8 1 1.01592 1.316
