1.000000	0.765198	0.440051	0.114903	0.765198	0.440051	0.114903
1.100000	0.719622	0.470902	0.136564	0.719622	0.470902	0.136564
1.200000	0.671133	0.498289	0.159349	0.671133	0.498289	0.159349
1.300000	0.620086	0.522023	0.183027	0.620086	0.522023	0.183027
1.400000	0.566855	0.541948	0.207356	0.566855	0.541948	0.207356
1.500000	0.511828	0.557937	0.232088	0.511828	0.557937	0.232088
1.600000	0.455402	0.569896	0.256968	0.455402	0.569896	0.256968
1.700000	0.397985	0.577765	0.281739	0.397985	0.577765	0.281739
1.800000	0.339986	0.581517	0.306144	0.339986	0.581517	0.306144
1.900000	0.281819	0.581157	0.329926	0.281819	0.581157	0.329926
2.000000	0.223891	0.576725	0.352834	0.223891	0.576725	0.352834
2.100000	0.166607	0.568292	0.374624	0.166607	0.568292	0.374624
2.200000	0.110362	0.555963	0.395059	0.110362	0.555963	0.395059
2.300000	0.055540	0.539873	0.413915	0.055540	0.539873	0.413915
2.400000	0.002508	0.520185	0.430980	0.002508	0.520185	0.430980
2.500000	-0.048384	0.497094	0.446059	-0.048384	0.497094	0.446059
2.600000	-0.096805	0.470818	0.458973	-0.096805	0.470818	0.458973
2.700000	-0.142449	0.441601	0.469562	-0.142449	0.441601	0.469562
2.800000	-0.185036	0.409709	0.477685	-0.185036	0.409709	0.477685
2.900000	-0.224312	0.375427	0.483227	-0.224312	0.375427	0.483227
3.000000	-0.260052	0.339059	0.486091	-0.260052	0.339059	0.486091
3.100000	-0.292064	0.300921	0.486207	-0.292064	0.300921	0.486207
3.200000	-0.320188	0.261343	0.483528	-0.320188	0.261343	0.483528
3.300000	-0.344296	0.220663	0.478032	-0.344296	0.220663	0.478032
3.400000	-0.364296	0.179226	0.469723	-0.364296	0.179226	0.469723
3.500000	-0.380128	0.137378	0.458629	-0.380128	0.137378	0.458629
3.600000	-0.391769	0.095466	0.444805	-0.391769	0.095466	0.444805
3.700000	-0.399230	0.053834	0.428330	-0.399230	0.053834	0.428330
3.800000	-0.402556	0.012821	0.409304	-0.402556	0.012821	0.409304
3.900000	-0.401826	-0.027244	0.387855	-0.401826	-0.027244	0.387855
4.000000	-0.397150	-0.066043	0.364128	-0.397150	-0.066043	0.364128
4.100000	-0.388670	-0.103273	0.338292	-0.388670	-0.103273	0.338292
4.200000	-0.376557	-0.138647	0.310535	-0.376557	-0.138647	0.310535
4.300000	-0.361011	-0.171897	0.281059	-0.361011	-0.171897	0.281059
4.400000	-0.342257	-0.202776	0.250086	-0.342257	-0.202776	0.250086
4.500000	-0.320543	-0.231060	0.217849	-0.320543	-0.231060	0.217849
4.600000	-0.296138	-0.256553	0.184593	-0.296138	-0.256553	0.184593
4.700000	-0.269331	-0.279081	0.150573	-0.269331	-0.279081	0.150573
4.800000	-0.240425	-0.298500	0.116050	-0.240425	-0.298500	0.116050
4.900000	-0.209738	-0.314695	0.081292	-0.209738	-0.314695	0.081292
5.000000	-0.177597	-0.327579	0.046565	-0.177597	-0.327579	0.046565
5.100000	-0.144335	-0.337097	0.012140	-0.144335	-0.337097	0.012140
5.200000	-0.110290	-0.343223	-0.021718	-0.110290	-0.343223	-0.021718
5.300000	-0.075803	-0.345961	-0.054748	-0.075803	-0.345961	-0.054748
5.400000	-0.041210	-0.345345	-0.086695	-0.041210	-0.345345	-0.086695
5.500000	-0.006844	-0.341438	-0.117315	-0.006844	-0.341438	-0.117315
5.600000	0.026971	-0.334333	-0.146375	0.026971	-0.334333	-0.146375
5.700000	0.059920	-0.324148	-0.173656	0.059920	-0.324148	-0.173656
5.800000	0.091703	-0.311028	-0.198954	0.091703	-0.311028	-0.198954
5.900000	0.122033	-0.295142	-0.222082	0.122033	-0.295142	-0.222082
6.000000	0.150645	-0.276684	-0.242873	0.150645	-0.276684	-0.242873
6.100000	0.177291	-0.255865	-0.261182	0.177291	-0.255865	-0.261182
6.200000	0.201747	-0.232917	-0.276882	0.201747	-0.232917	-0.276882
6.300000	0.223812	-0.208087	-0.289871	0.223812	-0.208087	-0.289871
6.400000	0.243311	-0.181638	-0.300072	0.243311	-0.181638	-0.300072
6.500000	0.260095	-0.153841	-0.307430	0.260095	-0.153841	-0.307430
6.600000	0.274043	-0.124980	-0.311916	0.274043	-0.124980	-0.311916
6.700000	0.285065	-0.095342	-0.313525	0.285065	-0.095342	-0.313525
6.800000	0.293096	-0.065219	-0.312278	0.293096	-0.065219	-0.312278
6.900000	0.298102	-0.034902	-0.308219	0.298102	-0.034902	-0.308219
7.000000	0.300079	-0.004683	-0.301417	0.300079	-0.004683	-0.301417
7.100000	0.299051	0.025153	-0.291966	0.299051	0.025153	-0.291966
7.200000	0.295071	0.054327	-0.279980	0.295071	0.054327	-0.279980
7.300000	0.288217	0.082570	-0.265595	0.288217	0.082570	-0.265595
7.400000	0.278596	0.109625	-0.248968	0.278596	0.109625	-0.248968
7.500000	0.266340	0.135248	-0.230273	0.266340	0.135248	-0.230273
7.600000	0.251602	0.159214	-0.209703	0.251602	0.159214	-0.209703
7.700000	0.234559	0.181313	-0.187465	0.234559	0.181313	-0.187465
7.800000	0.215408	0.201357	-0.163778	0.215408	0.201357	-0.163778
7.900000	0.194362	0.219179	-0.138873	0.194362	0.219179	-0.138873
8.000000	0.171651	0.234636	-0.112992	0.171651	0.234636	-0.112992
8.100000	0.147517	0.247608	-0.086380	0.147517	0.247608	-0.086380
8.200000	0.122215	0.257999	-0.059289	0.122215	0.257999	-0.059289
8.300000	0.096006	0.265739	-0.031973	0.096006	0.265739	-0.031973
8.400000	0.069157	0.270786	-0.004684	0.069157	0.270786	-0.004684
8.500000	0.041939	0.273122	0.022325	0.041939	0.273122	0.022325
8.600000	0.014623	0.272755	0.048808	0.014623	0.272755	0.048808
8.700000	-0.012523	0.269719	0.074527	-0.012523	0.269719	0.074527
8.800000	-0.039234	0.264074	0.099251	-0.039234	0.264074	0.099251
8.900000	-0.065253	0.255902	0.122759	-0.065253	0.255902	0.122759
9.000000	-0.090334	0.245312	0.144847	-0.090334	0.245312	0.144847
9.100000	-0.114239	0.232431	0.165323	-0.114239	0.232431	0.165323
9.200000	-0.136748	0.217409	0.184011	-0.136748	0.217409	0.184011
9.300000	-0.157655	0.200414	0.200755	-0.157655	0.200414	0.200755
9.400000	-0.176772	0.181632	0.215417	-0.176772	0.181632	0.215417
9.500000	-0.193929	0.161264	0.227879	-0.193929	0.161264	0.227879
9.600000	-0.208979	0.139525	0.238046	-0.208979	0.139525	0.238046
9.700000	-0.221795	0.116639	0.245845	-0.221795	0.116639	0.245845
9.800000	-0.232276	0.092840	0.251223	-0.232276	0.092840	0.251223
9.900000	-0.240341	0.068370	0.254153	-0.240341	0.068370	0.254153
10.000000	-0.245936	0.043473	0.254630	-0.245936	0.043473	0.254630
