0 0 0
0.0625 0.0587132 0.0587133
0.125 0.110312 0.110312
0.1875 0.155443 0.155443
0.25 0.1947 0.1947
0.3125 0.228629 0.22863
0.375 0.257733 0.257733
0.4375 0.28247 0.282471
0.5 0.303264 0.303265
0.5625 0.320501 0.320503
0.625 0.334537 0.334538
0.6875 0.345694 0.345697
0.75 0.354272 0.354275
0.8125 0.360541 0.360545
0.875 0.364751 0.364754
0.9375 0.367126 0.36713
1 0.367874 0.367879
1.0625 0.367184 0.36719
1.125 0.365228 0.365234
1.1875 0.36216 0.362167
1.25 0.358123 0.358131
1.3125 0.353246 0.353255
1.375 0.347644 0.347654
1.4375 0.341425 0.341436
1.5 0.334683 0.334695
1.5625 0.327505 0.327518
1.625 0.319967 0.319981
1.6875 0.312141 0.312156
1.75 0.304088 0.304104
1.8125 0.295864 0.295882
1.875 0.287521 0.287541
1.9375 0.279102 0.279123
2 0.270648 0.270671
2.0625 0.262194 0.262217
2.125 0.25377 0.253795
2.1875 0.245404 0.245431
2.25 0.23712 0.237148
2.3125 0.228938 0.228969
2.375 0.220877 0.220909
2.4375 0.212952 0.212986
2.5 0.205176 0.205212
2.5625 0.197561 0.197599
2.625 0.190114 0.190154
2.6875 0.182844 0.182887
2.75 0.175757 0.175802
2.8125 0.168857 0.168904
2.875 0.162147 0.162196
2.9375 0.15563 0.155682
3 0.149307 0.149361
3.0625 0.143178 0.143235
3.125 0.137243 0.137303
3.1875 0.131501 0.131564
3.25 0.125951 0.126016
3.3125 0.120589 0.120658
3.375 0.115414 0.115486
3.4375 0.110423 0.110498
3.5 0.105612 0.105691
3.5625 0.100978 0.10106
3.625 0.0965168 0.096603
3.6875 0.0922245 0.0923148
3.75 0.0880971 0.0881915
3.8125 0.0841303 0.0842291
3.875 0.0803197 0.0804231
3.9375 0.0766609 0.076769
4 0.0731494 0.0732626
4.0625 0.0697807 0.0698992
4.125 0.0665505 0.0666744
4.1875 0.0634541 0.0635838
4.25 0.0604873 0.060623
4.3125 0.0576455 0.0577875
4.375 0.0549244 0.0550731
4.4375 0.0523199 0.0524755
4.5 0.0498275 0.0499905
4.5625 0.0474434 0.047614
4.625 0.0451632 0.0453419
4.6875 0.0429833 0.0431704
4.75 0.0408996 0.0410956
4.8125 0.0389083 0.0391137
4.875 0.0370059 0.0372211
4.9375 0.0351888 0.0354143
5 0.0334534 0.0336897
5.0625 0.0317965 0.0320442
5.125 0.0302147 0.0304744
5.1875 0.0287048 0.0289771
5.25 0.0272639 0.0275495
5.3125 0.0258889 0.0261884
5.375 0.0245769 0.0248912
5.4375 0.0233252 0.023655
5.5 0.0221311 0.0224772
5.5625 0.0209921 0.0213554
5.625 0.0199056 0.0202869
5.6875 0.0188691 0.0192695
5.75 0.0178805 0.018301
5.8125 0.0169375 0.0173791
5.875 0.0160378 0.0165017
5.9375 0.0151794 0.0156668
6 0.0143604 0.0148725
6.0625 0.0135788 0.014117
6.125 0.0128327 0.0133984
6.1875 0.0121204 0.0127151
6.25 0.0114401 0.0120653
6.3125 0.0107903 0.0114477
6.375 0.0101692 0.0108606
6.4375 0.00957538 0.0103026
6.5 0.00900735 0.00977235
6.5625 0.00846369 0.00926855
6.625 0.00794301 0.00878992
6.6875 0.00744399 0.00833527
6.75 0.00696536 0.00790344
6.8125 0.00650587 0.00749334
6.875 0.00606434 0.00710392
6.9375 0.00563961 0.00673418
7 0.00523055 0.00638317
7.0625 0.0048361 0.00604998
7.125 0.00445519 0.00573372
7.1875 0.0040868 0.00543358
7.25 0.00372994 0.00514876
7.3125 0.00338362 0.00487851
7.375 0.00304691 0.00462211
7.4375 0.00271888 0.00437887
7.5 0.00239861 0.00414813
7.5625 0.00208521 0.00392928
7.625 0.0017778 0.00372173
7.6875 0.00147552 0.0035249
7.75 0.0011775 0.00333825
7.8125 0.000882896 0.00316129
7.875 0.000590856 0.00299352
7.9375 0.000300538 0.00283447
8 1.1098e-05 0.0026837
