Number recognition at the bottom!
0	0.000131539	0
0.01	0.0507517	0.0499292
0.02	0.100914	0.0994349
0.03	0.150178	0.148099
0.04	0.198115	0.195516
0.05	0.244318	0.241296
0.06	0.288402	0.285071
0.07	0.330016	0.326501
0.08	0.36884	0.365276
0.09	0.404595	0.401122
0.1	0.437047	0.433802
0.11	0.466001	0.463119
0.12	0.491311	0.488917
0.13	0.51288	0.511085
0.14	0.530654	0.529555
0.15	0.544626	0.5443
0.16	0.554834	0.555335
0.17	0.561357	0.562718
0.18	0.564313	0.566541
0.19	0.563855	0.566934
0.2	0.560167	0.564055
0.21	0.55346	0.558094
0.22	0.543968	0.549263
0.23	0.531943	0.537795
0.24	0.517648	0.523939
0.25	0.501357	0.507955
0.26	0.483347	0.490111
0.27	0.463895	0.47068
0.28	0.443274	0.449933
0.29	0.421749	0.428136
0.3	0.399574	0.405551
0.31	0.376991	0.382427
0.32	0.354224	0.359002
0.33	0.331482	0.335498
0.34	0.308953	0.312119
0.35	0.286807	0.289053
0.36	0.265191	0.266468
0.37	0.244234	0.244511
0.38	0.224045	0.22331
0.39	0.20471	0.202971
0.4	0.1863	0.183584
0.41	0.168867	0.165216
0.42	0.152445	0.147918
0.43	0.137054	0.131723
0.44	0.122702	0.11665
0.45	0.109381	0.102701
0.46	0.0970758	0.089867
0.47	0.0857603	0.0781272
0.48	0.0754014	0.0674508
0.49	0.0659596	0.0577989
0.5	0.0573908	0.0491256
0.51	0.0496471	0.0413798
0.52	0.0426782	0.0345062
0.53	0.0364325	0.028447
0.54	0.0308578	0.0231426
0.55	0.0259022	0.0185326
0.56	0.0215146	0.0145573
0.57	0.0176455	0.0111579
0.58	0.0142474	0.00827721
0.59	0.0112749	0.00586057
0.6	0.00868527	0.00385592
0.61	0.00643847	0.00221434
0.62	0.00449725	0.00089015
0.63	0.0028272	-0.000158832
0.64	0.00139678	-0.000971293
0.65	0.000177231	-0.00158239
0.66	-0.000857518	-0.00202381
0.67	-0.00173095	-0.0023239
0.68	-0.00246413	-0.00250774
0.69	-0.00307581	-0.00259742
0.7	-0.00358263	-0.00261214
0.71	-0.0039993	-0.00256847
0.72	-0.00433871	-0.00248057
0.73	-0.00461215	-0.00236039
0.74	-0.00482944	-0.00221792
0.75	-0.00499909	-0.00206137
0.76	-0.00512844	-0.00189743
0.77	-0.00522381	-0.00173141
0.78	-0.00529059	-0.00156745
0.79	-0.0053334	-0.0014087
0.8	-0.00535616	-0.00125747
0.81	-0.00536216	-0.00111535
0.82	-0.00535423	-0.000983341
0.83	-0.0053347	-0.000862
0.84	-0.00530555	-0.00075149
0.85	-0.00526844	-0.000651689
0.86	-0.00522474	-0.000562253
0.87	-0.00517561	-0.000482682
0.88	-0.00512201	-0.000412362
0.89	-0.00506473	-0.000350613
0.9	-0.00500443	-0.000296719
0.91	-0.00494167	-0.000249952
0.92	-0.00487691	-0.000209596
0.93	-0.00481052	-0.000174961
0.94	-0.00474284	-0.000145392
0.95	-0.00467412	-0.000120278
0.96	-0.00460461	-9.90543e-05
0.97	-0.00453449	-8.12079e-05
0.98	-0.00446394	-6.62746e-05
0.99	-0.00439309	-5.38397e-05


0	0	1.11317	1
0	0.02	1.10944	0.9998
0	0.04	1.10488	0.9992
0	0.06	1.09949	0.998201
0	0.08	1.09329	0.996802
0	0.1	1.0863	0.995004
0	0.12	1.07853	0.992809
0	0.14	1.07001	0.990216
0	0.16	1.06075	0.987227
0	0.18	1.0508	0.983844
0	0.2	1.04017	0.980067
0	0.22	1.0289	0.975897
0	0.24	1.01701	0.971338
0	0.26	1.00455	0.96639
0	0.28	0.991559	0.961055
0	0.3	0.978069	0.955336
0	0.32	0.964126	0.949235
0	0.34	0.949776	0.942755
0	0.36	0.935066	0.935897
0	0.38	0.920046	0.928665
0	0.4	0.904765	0.921061
0	0.42	0.889278	0.913089
0	0.44	0.873638	0.904752
0	0.46	0.8579	0.896052
0	0.48	0.842119	0.886995
0	0.5	0.826352	0.877583
0	0.52	0.810653	0.867819
0	0.54	0.795077	0.857709
0	0.56	0.779676	0.847255
0	0.58	0.764502	0.836463
0	0.6	0.749603	0.825336
0	0.62	0.735024	0.813878
0	0.64	0.720804	0.802096
0	0.66	0.706979	0.789992
0	0.68	0.69358	0.777573
0	0.7	0.680628	0.764842
0	0.72	0.668139	0.751806
0	0.74	0.656122	0.738469
0	0.76	0.644574	0.724836
0	0.78	0.633485	0.710914
0	0.8	0.622834	0.696707
0	0.82	0.612589	0.682221
0	0.84	0.602707	0.667463
0	0.86	0.593133	0.652437
0	0.88	0.583802	0.637151
0	0.9	0.574636	0.62161
0	0.92	0.565547	0.60582
0	0.94	0.556433	0.589788
0	0.96	0.547184	0.57352
0	0.98	0.53768	0.557023
0.02	0	1.20916	1.09983
0.02	0.02	1.20539	1.09963
0.02	0.04	1.20078	1.09903
0.02	0.06	1.19534	1.09803
0.02	0.08	1.18909	1.09664
0.02	0.1	1.18203	1.09484
0.02	0.12	1.17419	1.09264
0.02	0.14	1.16559	1.09005
0.02	0.16	1.15625	1.08706
0.02	0.18	1.14621	1.08368
0.02	0.2	1.13547	1.0799
0.02	0.22	1.12409	1.07573
0.02	0.24	1.11208	1.07117
0.02	0.26	1.09948	1.06622
0.02	0.28	1.08634	1.06089
0.02	0.3	1.07269	1.05517
0.02	0.32	1.05856	1.04907
0.02	0.34	1.04402	1.04259
0.02	0.36	1.02909	1.03573
0.02	0.38	1.01384	1.0285
0.02	0.4	0.99831	1.02089
0.02	0.42	0.982553	1.01292
0.02	0.44	0.966624	1.00459
0.02	0.46	0.950576	0.995886
0.02	0.48	0.934466	0.986828
0.02	0.5	0.918349	0.977416
0.02	0.52	0.902281	0.967653
0.02	0.54	0.886316	0.957542
0.02	0.56	0.870509	0.947089
0.02	0.58	0.854912	0.936296
0.02	0.6	0.839574	0.925169
0.02	0.62	0.824542	0.913712
0.02	0.64	0.809859	0.901929
0.02	0.66	0.795563	0.889826
0.02	0.68	0.781687	0.877406
0.02	0.7	0.768257	0.864676
0.02	0.72	0.755293	0.851639
0.02	0.74	0.742806	0.838302
0.02	0.76	0.730801	0.824669
0.02	0.78	0.71927	0.810747
0.02	0.8	0.708199	0.79654
0.02	0.82	0.697561	0.782055
0.02	0.84	0.68732	0.767296
0.02	0.86	0.677426	0.752271
0.02	0.88	0.66782	0.736985
0.02	0.9	0.658429	0.721443
0.02	0.92	0.649172	0.705654
0.02	0.94	0.639954	0.689621
0.02	0.96	0.630668	0.673353
0.02	0.98	0.621199	0.656856
0.04	0	1.30461	1.19867
0.04	0.02	1.30081	1.19847
0.04	0.04	1.29617	1.19787
0.04	0.06	1.29069	1.19687
0.04	0.08	1.28439	1.19547
0.04	0.1	1.27729	1.19367
0.04	0.12	1.26939	1.19148
0.04	0.14	1.26074	1.18889
0.04	0.16	1.25133	1.1859
0.04	0.18	1.24121	1.18251
0.04	0.2	1.23039	1.17874
0.04	0.22	1.21891	1.17457
0.04	0.24	1.2068	1.17001
0.04	0.26	1.19409	1.16506
0.04	0.28	1.18081	1.15972
0.04	0.3	1.16701	1.15401
0.04	0.32	1.15273	1.1479
0.04	0.34	1.13801	1.14142
0.04	0.36	1.12289	1.13457
0.04	0.38	1.10743	1.12733
0.04	0.4	1.09167	1.11973
0.04	0.42	1.07567	1.11176
0.04	0.44	1.05947	1.10342
0.04	0.46	1.04314	1.09472
0.04	0.48	1.02672	1.08566
0.04	0.5	1.01028	1.07625
0.04	0.52	0.993862	1.06649
0.04	0.54	0.977531	1.05638
0.04	0.56	0.961339	1.04592
0.04	0.58	0.945339	1.03513
0.04	0.6	0.929582	1.024
0.04	0.62	0.914117	1.01255
0.04	0.64	0.898988	1.00077
0.04	0.66	0.884236	0.988662
0.04	0.68	0.869898	0.976242
0.04	0.7	0.856001	0.963512
0.04	0.72	0.842571	0.950475
0.04	0.74	0.829623	0.937138
0.04	0.76	0.817164	0.923505
0.04	0.78	0.805194	0.909583
0.04	0.8	0.793703	0.895376
0.04	0.82	0.782668	0.880891
0.04	0.84	0.77206	0.866132
0.04	0.86	0.761836	0.851107
0.04	0.88	0.75194	0.83582
0.04	0.9	0.742309	0.820279
0.04	0.92	0.732864	0.804489
0.04	0.94	0.723518	0.788457
0.04	0.96	0.714169	0.772189
0.04	0.98	0.704707	0.755692
0.06	0	1.39893	1.29552
0.06	0.02	1.39512	1.29532
0.06	0.04	1.39046	1.29472
0.06	0.06	1.38496	1.29372
0.06	0.08	1.37864	1.29232
0.06	0.1	1.37151	1.29052
0.06	0.12	1.36358	1.28833
0.06	0.14	1.35488	1.28574
0.06	0.16	1.34543	1.28275
0.06	0.18	1.33525	1.27936
0.06	0.2	1.32437	1.27559
0.06	0.22	1.31281	1.27142
0.06	0.24	1.30061	1.26686
0.06	0.26	1.28781	1.26191
0.06	0.28	1.27442	1.25658
0.06	0.3	1.2605	1.25086
0.06	0.32	1.24608	1.24476
0.06	0.34	1.23121	1.23827
0.06	0.36	1.21592	1.23142
0.06	0.38	1.20028	1.22418
0.06	0.4	1.18432	1.21658
0.06	0.42	1.16809	1.20861
0.06	0.44	1.15165	1.20027
0.06	0.46	1.13506	1.19157
0.06	0.48	1.11836	1.18252
0.06	0.5	1.10161	1.1731
0.06	0.52	1.08488	1.16334
0.06	0.54	1.0682	1.15323
0.06	0.56	1.05165	1.14278
0.06	0.58	1.03527	1.13198
0.06	0.6	1.01912	1.12086
0.06	0.62	1.00324	1.1094
0.06	0.64	0.987687	1.09762
0.06	0.66	0.972499	1.08551
0.06	0.68	0.957714	1.07309
0.06	0.7	0.943367	1.06036
0.06	0.72	0.929484	1.04733
0.06	0.74	0.916085	1.03399
0.06	0.76	0.903181	1.02036
0.06	0.78	0.890778	1.00643
0.06	0.8	0.878868	0.992227
0.06	0.82	0.867438	0.977741
0.06	0.84	0.85646	0.962983
0.06	0.86	0.845898	0.947958
0.06	0.88	0.835704	0.932671
0.06	0.9	0.825819	0.91713
0.06	0.92	0.81617	0.90134
0.06	0.94	0.806676	0.885308
0.06	0.96	0.797242	0.86904
0.06	0.98	0.787762	0.852543
0.08	0	1.49152	1.38942
0.08	0.02	1.48772	1.38922
0.08	0.04	1.48306	1.38862
0.08	0.06	1.47756	1.38762
0.08	0.08	1.47123	1.38622
0.08	0.1	1.46409	1.38442
0.08	0.12	1.45615	1.38223
0.08	0.14	1.44743	1.37963
0.08	0.16	1.43795	1.37665
0.08	0.18	1.42774	1.37326
0.08	0.2	1.41681	1.36948
0.08	0.22	1.40521	1.36532
0.08	0.24	1.39295	1.36076
0.08	0.26	1.38007	1.35581
0.08	0.28	1.3666	1.35047
0.08	0.3	1.35258	1.34475
0.08	0.32	1.33805	1.33865
0.08	0.34	1.32305	1.33217
0.08	0.36	1.30763	1.32532
0.08	0.38	1.29182	1.31808
0.08	0.4	1.27568	1.31048
0.08	0.42	1.25926	1.30251
0.08	0.44	1.24261	1.29417
0.08	0.46	1.22578	1.28547
0.08	0.48	1.20883	1.27641
0.08	0.5	1.19181	1.267
0.08	0.52	1.17478	1.25724
0.08	0.54	1.15779	1.24713
0.08	0.56	1.1409	1.23667
0.08	0.58	1.12417	1.22588
0.08	0.6	1.10765	1.21475
0.08	0.62	1.09138	1.2033
0.08	0.64	1.07543	1.19151
0.08	0.66	1.05982	1.17941
0.08	0.68	1.04462	1.16699
0.08	0.7	1.02984	1.15426
0.08	0.72	1.01552	1.14122
0.08	0.74	1.00168	1.12789
0.08	0.76	0.988346	1.11425
0.08	0.78	0.975518	1.10033
0.08	0.8	0.963198	1.08613
0.08	0.82	0.951375	1.07164
0.08	0.84	0.940028	1.05688
0.08	0.86	0.929126	1.04186
0.08	0.88	0.918628	1.02657
0.08	0.9	0.90848	1.01103
0.08	0.92	0.898616	0.995238
0.08	0.94	0.888959	0.979206
0.08	0.96	0.879421	0.962938
0.08	0.98	0.869902	0.946441
0.1	0	1.58174	1.47943
0.1	0.02	1.57796	1.47923
0.1	0.04	1.57333	1.47863
0.1	0.06	1.56785	1.47763
0.1	0.08	1.56154	1.47623
0.1	0.1	1.55441	1.47443
0.1	0.12	1.54648	1.47223
0.1	0.14	1.53776	1.46964
0.1	0.16	1.52828	1.46665
0.1	0.18	1.51806	1.46327
0.1	0.2	1.50711	1.45949
0.1	0.22	1.49548	1.45532
0.1	0.24	1.48319	1.45076
0.1	0.26	1.47026	1.44582
0.1	0.28	1.45673	1.44048
0.1	0.3	1.44264	1.43476
0.1	0.32	1.42803	1.42866
0.1	0.34	1.41293	1.42218
0.1	0.36	1.39739	1.41532
0.1	0.38	1.38146	1.40809
0.1	0.4	1.36517	1.40049
0.1	0.42	1.34859	1.39251
0.1	0.44	1.33175	1.38418
0.1	0.46	1.31472	1.37548
0.1	0.48	1.29755	1.36642
0.1	0.5	1.28028	1.35701
0.1	0.52	1.26299	1.34724
0.1	0.54	1.24572	1.33713
0.1	0.56	1.22853	1.32668
0.1	0.58	1.21147	1.31589
0.1	0.6	1.1946	1.30476
0.1	0.62	1.17798	1.2933
0.1	0.64	1.16165	1.28152
0.1	0.66	1.14566	1.26942
0.1	0.68	1.13005	1.257
0.1	0.7	1.11486	1.24427
0.1	0.72	1.10012	1.23123
0.1	0.74	1.08587	1.21789
0.1	0.76	1.07212	1.20426
0.1	0.78	1.05888	1.19034
0.1	0.8	1.04616	1.17613
0.1	0.82	1.03395	1.16165
0.1	0.84	1.02224	1.14689
0.1	0.86	1.011	1.13186
0.1	0.88	1.0002	1.11658
0.1	0.9	0.989781	1.10104
0.1	0.92	0.979693	1.08525
0.1	0.94	0.969863	1.06921
0.1	0.96	0.960207	1.05295
0.1	0.98	0.950631	1.03645
0.12	0	1.66889	1.56464
0.12	0.02	1.66517	1.56444
0.12	0.04	1.66058	1.56384
0.12	0.06	1.65515	1.56284
0.12	0.08	1.64888	1.56144
0.12	0.1	1.64179	1.55965
0.12	0.12	1.63389	1.55745
0.12	0.14	1.6252	1.55486
0.12	0.16	1.61574	1.55187
0.12	0.18	1.60554	1.54849
0.12	0.2	1.5946	1.54471
0.12	0.22	1.58297	1.54054
0.12	0.24	1.57067	1.53598
0.12	0.26	1.55772	1.53103
0.12	0.28	1.54417	1.5257
0.12	0.3	1.53004	1.51998
0.12	0.32	1.51537	1.51388
0.12	0.34	1.50021	1.5074
0.12	0.36	1.48458	1.50054
0.12	0.38	1.46855	1.49331
0.12	0.4	1.45215	1.4857
0.12	0.42	1.43543	1.47773
0.12	0.44	1.41844	1.46939
0.12	0.46	1.40124	1.46069
0.12	0.48	1.38388	1.45164
0.12	0.5	1.3664	1.44223
0.12	0.52	1.34888	1.43246
0.12	0.54	1.33136	1.42235
0.12	0.56	1.31389	1.4119
0.12	0.58	1.29655	1.40111
0.12	0.6	1.27937	1.38998
0.12	0.62	1.26242	1.37852
0.12	0.64	1.24574	1.36674
0.12	0.66	1.22939	1.35463
0.12	0.68	1.21341	1.34222
0.12	0.7	1.19783	1.32948
0.12	0.72	1.18271	1.31645
0.12	0.74	1.16806	1.30311
0.12	0.76	1.15391	1.28948
0.12	0.78	1.14028	1.27556
0.12	0.8	1.12717	1.26135
0.12	0.82	1.11459	1.24686
0.12	0.84	1.10253	1.23211
0.12	0.86	1.09096	1.21708
0.12	0.88	1.07985	1.20179
0.12	0.9	1.06917	1.18625
0.12	0.92	1.05885	1.17046
0.12	0.94	1.04884	1.15443
0.12	0.96	1.03906	1.13816
0.12	0.98	1.02941	1.12167
0.14	0	1.75225	1.64422
0.14	0.02	1.7486	1.64402
0.14	0.04	1.74408	1.64342
0.14	0.06	1.73872	1.64242
0.14	0.08	1.73252	1.64102
0.14	0.1	1.7255	1.63922
0.14	0.12	1.71766	1.63703
0.14	0.14	1.70903	1.63443
0.14	0.16	1.69962	1.63144
0.14	0.18	1.68946	1.62806
0.14	0.2	1.67857	1.62428
0.14	0.22	1.66697	1.62012
0.14	0.24	1.65469	1.61556
0.14	0.26	1.64175	1.61061
0.14	0.28	1.6282	1.60527
0.14	0.3	1.61406	1.59955
0.14	0.32	1.59937	1.59345
0.14	0.34	1.58417	1.58697
0.14	0.36	1.5685	1.58011
0.14	0.38	1.5524	1.57288
0.14	0.4	1.53592	1.56528
0.14	0.42	1.51911	1.55731
0.14	0.44	1.502	1.54897
0.14	0.46	1.48467	1.54027
0.14	0.48	1.46715	1.53121
0.14	0.5	1.4495	1.5218
0.14	0.52	1.43178	1.51204
0.14	0.54	1.41404	1.50193
0.14	0.56	1.39634	1.49147
0.14	0.58	1.37874	1.48068
0.14	0.6	1.36128	1.46955
0.14	0.62	1.34404	1.4581
0.14	0.64	1.32705	1.44631
0.14	0.66	1.31037	1.43421
0.14	0.68	1.29404	1.42179
0.14	0.7	1.27811	1.40906
0.14	0.72	1.26263	1.39602
0.14	0.74	1.24761	1.38269
0.14	0.76	1.23309	1.36905
0.14	0.78	1.21908	1.35513
0.14	0.8	1.20561	1.34092
0.14	0.82	1.19267	1.32644
0.14	0.84	1.18027	1.31168
0.14	0.86	1.16838	1.29666
0.14	0.88	1.15697	1.28137
0.14	0.9	1.14603	1.26583
0.14	0.92	1.13549	1.25004
0.14	0.94	1.12529	1.23401
0.14	0.96	1.11537	1.21774
0.14	0.98	1.10565	1.20124
0.16	0	1.83102	1.71736
0.16	0.02	1.82748	1.71716
0.16	0.04	1.82307	1.71656
0.16	0.06	1.81781	1.71556
0.16	0.08	1.8117	1.71416
0.16	0.1	1.80477	1.71236
0.16	0.12	1.79703	1.71016
0.16	0.14	1.78848	1.70757
0.16	0.16	1.77916	1.70458
0.16	0.18	1.76907	1.7012
0.16	0.2	1.75825	1.69742
0.16	0.22	1.74671	1.69325
0.16	0.24	1.73448	1.68869
0.16	0.26	1.7216	1.68375
0.16	0.28	1.70808	1.67841
0.16	0.3	1.69397	1.67269
0.16	0.32	1.67929	1.66659
0.16	0.34	1.66409	1.66011
0.16	0.36	1.6484	1.65325
0.16	0.38	1.63228	1.64602
0.16	0.4	1.61575	1.63842
0.16	0.42	1.59887	1.63045
0.16	0.44	1.58169	1.62211
0.16	0.46	1.56425	1.61341
0.16	0.48	1.54662	1.60435
0.16	0.5	1.52883	1.59494
0.16	0.52	1.51095	1.58518
0.16	0.54	1.49304	1.57506
0.16	0.56	1.47514	1.56461
0.16	0.58	1.45732	1.55382
0.16	0.6	1.43963	1.54269
0.16	0.62	1.42212	1.53123
0.16	0.64	1.40486	1.51945
0.16	0.66	1.38789	1.50735
0.16	0.68	1.37125	1.49493
0.16	0.7	1.355	1.4822
0.16	0.72	1.33918	1.46916
0.16	0.74	1.32382	1.45582
0.16	0.76	1.30895	1.44219
0.16	0.78	1.2946	1.42827
0.16	0.8	1.28079	1.41406
0.16	0.82	1.26752	1.39958
0.16	0.84	1.25479	1.38482
0.16	0.86	1.24259	1.36979
0.16	0.88	1.2309	1.35451
0.16	0.9	1.2197	1.33897
0.16	0.92	1.20894	1.32318
0.16	0.94	1.19856	1.30714
0.16	0.96	1.18851	1.29088
0.16	0.98	1.1787	1.27438
0.18	0	1.9044	1.78333
0.18	0.02	1.90098	1.78313
0.18	0.04	1.89671	1.78253
0.18	0.06	1.89158	1.78153
0.18	0.08	1.8856	1.78013
0.18	0.1	1.8788	1.77833
0.18	0.12	1.87117	1.77614
0.18	0.14	1.86275	1.77354
0.18	0.16	1.85354	1.77055
0.18	0.18	1.84356	1.76717
0.18	0.2	1.83284	1.76339
0.18	0.22	1.8214	1.75922
0.18	0.24	1.80926	1.75466
0.18	0.26	1.79645	1.74972
0.18	0.28	1.78301	1.74438
0.18	0.3	1.76895	1.73866
0.18	0.32	1.75432	1.73256
0.18	0.34	1.73916	1.72608
0.18	0.36	1.7235	1.71922
0.18	0.38	1.70738	1.71199
0.18	0.4	1.69085	1.70439
0.18	0.42	1.67394	1.69642
0.18	0.44	1.65672	1.68808
0.18	0.46	1.63923	1.67938
0.18	0.48	1.62151	1.67032
0.18	0.5	1.60363	1.66091
0.18	0.52	1.58564	1.65115
0.18	0.54	1.56758	1.64104
0.18	0.56	1.54953	1.63058
0.18	0.58	1.53153	1.61979
0.18	0.6	1.51364	1.60866
0.18	0.62	1.49591	1.59721
0.18	0.64	1.47841	1.58542
0.18	0.66	1.46118	1.57332
0.18	0.68	1.44427	1.5609
0.18	0.7	1.42774	1.54817
0.18	0.72	1.41162	1.53513
0.18	0.74	1.39595	1.5218
0.18	0.76	1.38077	1.50816
0.18	0.78	1.3661	1.49424
0.18	0.8	1.35197	1.48003
0.18	0.82	1.33838	1.46555
0.18	0.84	1.32535	1.45079
0.18	0.86	1.31286	1.43576
0.18	0.88	1.30091	1.42048
0.18	0.9	1.28946	1.40494
0.18	0.92	1.27849	1.38915
0.18	0.94	1.26794	1.37311
0.18	0.96	1.25775	1.35685
0.18	0.98	1.24786	1.34035
0.2	0	1.97151	1.84147
0.2	0.02	1.96826	1.84127
0.2	0.04	1.96415	1.84067
0.2	0.06	1.95918	1.83967
0.2	0.08	1.95337	1.83827
0.2	0.1	1.94672	1.83648
0.2	0.12	1.93925	1.83428
0.2	0.14	1.93098	1.83169
0.2	0.16	1.92192	1.8287
0.2	0.18	1.91208	1.82531
0.2	0.2	1.9015	1.82154
0.2	0.22	1.89019	1.81737
0.2	0.24	1.87817	1.81281
0.2	0.26	1.86548	1.80786
0.2	0.28	1.85214	1.80253
0.2	0.3	1.83818	1.79681
0.2	0.32	1.82364	1.79071
0.2	0.34	1.80855	1.78423
0.2	0.36	1.79295	1.77737
0.2	0.38	1.77688	1.77014
0.2	0.4	1.76038	1.76253
0.2	0.42	1.74349	1.75456
0.2	0.44	1.72627	1.74622
0.2	0.46	1.70876	1.73752
0.2	0.48	1.691	1.72847
0.2	0.5	1.67307	1.71905
0.2	0.52	1.655	1.70929
0.2	0.54	1.63685	1.69918
0.2	0.56	1.61868	1.68873
0.2	0.58	1.60054	1.67793
0.2	0.6	1.58249	1.66681
0.2	0.62	1.56459	1.65535
0.2	0.64	1.54689	1.64357
0.2	0.66	1.52944	1.63146
0.2	0.68	1.5123	1.61904
0.2	0.7	1.49552	1.60631
0.2	0.72	1.47913	1.59328
0.2	0.74	1.46319	1.57994
0.2	0.76	1.44773	1.56631
0.2	0.78	1.43278	1.55238
0.2	0.8	1.41836	1.53818
0.2	0.82	1.40449	1.52369
0.2	0.84	1.39117	1.50893
0.2	0.86	1.37842	1.49391
0.2	0.88	1.36622	1.47862
0.2	0.9	1.35454	1.46308
0.2	0.92	1.34337	1.44729
0.2	0.94	1.33265	1.43126
0.2	0.96	1.32234	1.41499
0.2	0.98	1.31237	1.39849
0.22	0	2.0315	1.89121
0.22	0.02	2.02844	1.89101
0.22	0.04	2.02453	1.89041
0.22	0.06	2.01975	1.88941
0.22	0.08	2.01413	1.88801
0.22	0.1	2.00767	1.88621
0.22	0.12	2.00039	1.88402
0.22	0.14	1.9923	1.88142
0.22	0.16	1.98342	1.87843
0.22	0.18	1.97376	1.87505
0.22	0.2	1.96335	1.87127
0.22	0.22	1.95221	1.8671
0.22	0.24	1.94035	1.86255
0.22	0.26	1.92781	1.8576
0.22	0.28	1.91461	1.85226
0.22	0.3	1.90079	1.84654
0.22	0.32	1.88637	1.84044
0.22	0.34	1.87139	1.83396
0.22	0.36	1.85589	1.8271
0.22	0.38	1.83991	1.81987
0.22	0.4	1.82348	1.81227
0.22	0.42	1.80665	1.8043
0.22	0.44	1.78947	1.79596
0.22	0.46	1.77198	1.78726
0.22	0.48	1.75423	1.7782
0.22	0.5	1.73628	1.76879
0.22	0.52	1.71818	1.75903
0.22	0.54	1.69998	1.74892
0.22	0.56	1.68173	1.73846
0.22	0.58	1.6635	1.72767
0.22	0.6	1.64534	1.71654
0.22	0.62	1.6273	1.70509
0.22	0.64	1.60944	1.6933
0.22	0.66	1.59182	1.6812
0.22	0.68	1.57449	1.66878
0.22	0.7	1.5575	1.65605
0.22	0.72	1.54089	1.64301
0.22	0.74	1.52471	1.62968
0.22	0.76	1.509	1.61604
0.22	0.78	1.4938	1.60212
0.22	0.8	1.47912	1.58791
0.22	0.82	1.46499	1.57343
0.22	0.84	1.45143	1.55867
0.22	0.86	1.43844	1.54364
0.22	0.88	1.426	1.52836
0.22	0.9	1.41412	1.51282
0.22	0.92	1.40276	1.49703
0.22	0.94	1.39189	1.481
0.22	0.96	1.38146	1.46473
0.22	0.98	1.37142	1.44823
0.24	0	2.08347	1.93204
0.24	0.02	2.08064	1.93184
0.24	0.04	2.07695	1.93124
0.24	0.06	2.0724	1.93024
0.24	0.08	2.06701	1.92884
0.24	0.1	2.06077	1.92704
0.24	0.12	2.05371	1.92485
0.24	0.14	2.04584	1.92226
0.24	0.16	2.03717	1.91927
0.24	0.18	2.02773	1.91588
0.24	0.2	2.01752	1.91211
0.24	0.22	2.00658	1.90794
0.24	0.24	1.99492	1.90338
0.24	0.26	1.98256	1.89843
0.24	0.28	1.96955	1.89309
0.24	0.3	1.95589	1.88738
0.24	0.32	1.94164	1.88127
0.24	0.34	1.92681	1.87479
0.24	0.36	1.91145	1.86794
0.24	0.38	1.89559	1.8607
0.24	0.4	1.87927	1.8531
0.24	0.42	1.86254	1.84513
0.24	0.44	1.84544	1.83679
0.24	0.46	1.82802	1.82809
0.24	0.48	1.81032	1.81903
0.24	0.5	1.7924	1.80962
0.24	0.52	1.77431	1.79986
0.24	0.54	1.75609	1.78975
0.24	0.56	1.73782	1.77929
0.24	0.58	1.71953	1.7685
0.24	0.6	1.7013	1.75737
0.24	0.62	1.68317	1.74592
0.24	0.64	1.6652	1.73413
0.24	0.66	1.64745	1.72203
0.24	0.68	1.62997	1.70961
0.24	0.7	1.61281	1.69688
0.24	0.72	1.59602	1.68384
0.24	0.74	1.57964	1.67051
0.24	0.76	1.56372	1.65688
0.24	0.78	1.5483	1.64295
0.24	0.8	1.5334	1.62875
0.24	0.82	1.51905	1.61426
0.24	0.84	1.50526	1.5995
0.24	0.86	1.49205	1.58448
0.24	0.88	1.47942	1.56919
0.24	0.9	1.46735	1.55365
0.24	0.92	1.45582	1.53786
0.24	0.94	1.44481	1.52183
0.24	0.96	1.43428	1.50556
0.24	0.98	1.42417	1.48906
0.26	0	2.12657	1.96356
0.26	0.02	2.124	1.96336
0.26	0.04	2.12057	1.96276
0.26	0.06	2.11628	1.96176
0.26	0.08	2.11114	1.96036
0.26	0.1	2.10516	1.95856
0.26	0.12	2.09835	1.95637
0.26	0.14	2.09073	1.95377
0.26	0.16	2.08231	1.95079
0.26	0.18	2.07311	1.9474
0.26	0.2	2.06314	1.94362
0.26	0.22	2.05243	1.93946
0.26	0.24	2.041	1.9349
0.26	0.26	2.02887	1.92995
0.26	0.28	2.01607	1.92461
0.26	0.3	2.00262	1.91889
0.26	0.32	1.98857	1.91279
0.26	0.34	1.97393	1.90631
0.26	0.36	1.95874	1.89946
0.26	0.38	1.94305	1.89222
0.26	0.4	1.92689	1.88462
0.26	0.42	1.91029	1.87665
0.26	0.44	1.89332	1.86831
0.26	0.46	1.876	1.85961
0.26	0.48	1.85839	1.85055
0.26	0.5	1.84054	1.84114
0.26	0.52	1.8225	1.83138
0.26	0.54	1.80432	1.82127
0.26	0.56	1.78606	1.81081
0.26	0.58	1.76777	1.80002
0.26	0.6	1.7495	1.78889
0.26	0.62	1.73132	1.77744
0.26	0.64	1.71329	1.76565
0.26	0.66	1.69544	1.75355
0.26	0.68	1.67785	1.74113
0.26	0.7	1.66057	1.7284
0.26	0.72	1.64363	1.71536
0.26	0.74	1.6271	1.70203
0.26	0.76	1.61101	1.68839
0.26	0.78	1.59541	1.67447
0.26	0.8	1.58032	1.66026
0.26	0.82	1.56578	1.64578
0.26	0.84	1.5518	1.63102
0.26	0.86	1.5384	1.616
0.26	0.88	1.52559	1.60071
0.26	0.9	1.51335	1.58517
0.26	0.92	1.50168	1.56938
0.26	0.94	1.49055	1.55335
0.26	0.96	1.47992	1.53708
0.26	0.98	1.46975	1.52058
0.28	0	2.15998	1.98545
0.28	0.02	2.1577	1.98525
0.28	0.04	2.15455	1.98465
0.28	0.06	2.15054	1.98365
0.28	0.08	2.14569	1.98225
0.28	0.1	2.14	1.98045
0.28	0.12	2.13347	1.97826
0.28	0.14	2.12613	1.97567
0.28	0.16	2.11799	1.97268
0.28	0.18	2.10907	1.96929
0.28	0.2	2.09937	1.96552
0.28	0.22	2.08893	1.96135
0.28	0.24	2.07776	1.95679
0.28	0.26	2.06589	1.95184
0.28	0.28	2.05334	1.94651
0.28	0.3	2.04014	1.94079
0.28	0.32	2.02632	1.93469
0.28	0.34	2.0119	1.9282
0.28	0.36	1.99693	1.92135
0.28	0.38	1.98144	1.91411
0.28	0.4	1.96547	1.90651
0.28	0.42	1.94905	1.89854
0.28	0.44	1.93223	1.8902
0.28	0.46	1.91506	1.8815
0.28	0.48	1.89759	1.87244
0.28	0.5	1.87985	1.86303
0.28	0.52	1.8619	1.85327
0.28	0.54	1.84379	1.84316
0.28	0.56	1.82559	1.8327
0.28	0.58	1.80733	1.82191
0.28	0.6	1.78908	1.81079
0.28	0.62	1.7709	1.79933
0.28	0.64	1.75283	1.78755
0.28	0.66	1.73494	1.77544
0.28	0.68	1.71728	1.76302
0.28	0.7	1.69991	1.75029
0.28	0.72	1.68287	1.73726
0.28	0.74	1.66622	1.72392
0.28	0.76	1.65	1.71029
0.28	0.78	1.63425	1.69636
0.28	0.8	1.61901	1.68216
0.28	0.82	1.60431	1.66767
0.28	0.84	1.59017	1.65291
0.28	0.86	1.57661	1.63789
0.28	0.88	1.56365	1.6226
0.28	0.9	1.55127	1.60706
0.28	0.92	1.53948	1.59127
0.28	0.94	1.52824	1.57524
0.28	0.96	1.51754	1.55897
0.28	0.98	1.50733	1.54247
0.3	0	2.18295	1.99749
0.3	0.02	2.18098	1.99729
0.3	0.04	2.17814	1.9967
0.3	0.06	2.17445	1.9957
0.3	0.08	2.16991	1.9943
0.3	0.1	2.16453	1.9925
0.3	0.12	2.15832	1.9903
0.3	0.14	2.15129	1.98771
0.3	0.16	2.14346	1.98472
0.3	0.18	2.13484	1.98134
0.3	0.2	2.12544	1.97756
0.3	0.22	2.1153	1.97339
0.3	0.24	2.10443	1.96883
0.3	0.26	2.09284	1.96388
0.3	0.28	2.08057	1.95855
0.3	0.3	2.06765	1.95283
0.3	0.32	2.05409	1.94673
0.3	0.34	2.03994	1.94025
0.3	0.36	2.02521	1.93339
0.3	0.38	2.00996	1.92616
0.3	0.4	1.99421	1.91856
0.3	0.42	1.97801	1.91058
0.3	0.44	1.96139	1.90225
0.3	0.46	1.94441	1.89355
0.3	0.48	1.9271	1.88449
0.3	0.5	1.90951	1.87508
0.3	0.52	1.89169	1.86531
0.3	0.54	1.8737	1.8552
0.3	0.56	1.85559	1.84475
0.3	0.58	1.83741	1.83396
0.3	0.6	1.81922	1.82283
0.3	0.62	1.80107	1.81137
0.3	0.64	1.78301	1.79959
0.3	0.66	1.76512	1.78749
0.3	0.68	1.74743	1.77507
0.3	0.7	1.73001	1.76234
0.3	0.72	1.71291	1.7493
0.3	0.74	1.69618	1.73596
0.3	0.76	1.67986	1.72233
0.3	0.78	1.664	1.70841
0.3	0.8	1.64864	1.6942
0.3	0.82	1.63382	1.67972
0.3	0.84	1.61955	1.66496
0.3	0.86	1.60586	1.64993
0.3	0.88	1.59277	1.63465
0.3	0.9	1.58028	1.6191
0.3	0.92	1.56838	1.60332
0.3	0.94	1.55706	1.58728
0.3	0.96	1.54629	1.57101
0.3	0.98	1.53605	1.55452
0.32	0	2.19482	1.99957
0.32	0.02	2.19318	1.99937
0.32	0.04	2.19069	1.99877
0.32	0.06	2.18733	1.99777
0.32	0.08	2.18312	1.99638
0.32	0.1	2.17808	1.99458
0.32	0.12	2.1722	1.99238
0.32	0.14	2.16551	1.98979
0.32	0.16	2.15801	1.9868
0.32	0.18	2.14972	1.98342
0.32	0.2	2.14066	1.97964
0.32	0.22	2.13084	1.97547
0.32	0.24	2.12029	1.97091
0.32	0.26	2.10902	1.96596
0.32	0.28	2.09706	1.96063
0.32	0.3	2.08444	1.95491
0.32	0.32	2.07118	1.94881
0.32	0.34	2.05732	1.94233
0.32	0.36	2.04288	1.93547
0.32	0.38	2.02789	1.92824
0.32	0.4	2.0124	1.92063
0.32	0.42	1.99645	1.91266
0.32	0.44	1.98006	1.90433
0.32	0.46	1.9633	1.89563
0.32	0.48	1.94619	1.88657
0.32	0.5	1.92879	1.87716
0.32	0.52	1.91114	1.86739
0.32	0.54	1.8933	1.85728
0.32	0.56	1.87532	1.84683
0.32	0.58	1.85726	1.83604
0.32	0.6	1.83915	1.82491
0.32	0.62	1.82108	1.81345
0.32	0.64	1.80308	1.80167
0.32	0.66	1.78521	1.78957
0.32	0.68	1.76754	1.77715
0.32	0.7	1.75011	1.76442
0.32	0.72	1.73298	1.75138
0.32	0.74	1.7162	1.73804
0.32	0.76	1.69983	1.72441
0.32	0.78	1.68389	1.71049
0.32	0.8	1.66845	1.69628
0.32	0.82	1.65353	1.68179
0.32	0.84	1.63916	1.66704
0.32	0.86	1.62537	1.65201
0.32	0.88	1.61218	1.63672
0.32	0.9	1.59959	1.62118
0.32	0.92	1.5876	1.60539
0.32	0.94	1.57622	1.58936
0.32	0.96	1.5654	1.57309
0.32	0.98	1.55514	1.5566
0.34	0	2.19506	1.99166
0.34	0.02	2.19378	1.99146
0.34	0.04	2.19163	1.99086
0.34	0.06	2.18863	1.98987
0.34	0.08	2.18478	1.98847
0.34	0.1	2.18009	1.98667
0.34	0.12	2.17457	1.98447
0.34	0.14	2.16824	1.98188
0.34	0.16	2.16109	1.97889
0.34	0.18	2.15316	1.97551
0.34	0.2	2.14445	1.97173
0.34	0.22	2.13498	1.96756
0.34	0.24	2.12477	1.963
0.34	0.26	2.11384	1.95805
0.34	0.28	2.10222	1.95272
0.34	0.3	2.08993	1.947
0.34	0.32	2.07699	1.9409
0.34	0.34	2.06344	1.93442
0.34	0.36	2.04931	1.92756
0.34	0.38	2.03462	1.92033
0.34	0.4	2.01942	1.91273
0.34	0.42	2.00374	1.90475
0.34	0.44	1.98762	1.89642
0.34	0.46	1.9711	1.88772
0.34	0.48	1.95423	1.87866
0.34	0.5	1.93705	1.86925
0.34	0.52	1.9196	1.85948
0.34	0.54	1.90195	1.84937
0.34	0.56	1.88413	1.83892
0.34	0.58	1.86621	1.82813
0.34	0.6	1.84824	1.817
0.34	0.62	1.83027	1.80554
0.34	0.64	1.81235	1.79376
0.34	0.66	1.79456	1.78166
0.34	0.68	1.77693	1.76924
0.34	0.7	1.75953	1.75651
0.34	0.72	1.7424	1.74347
0.34	0.74	1.72562	1.73013
0.34	0.76	1.70921	1.7165
0.34	0.78	1.69323	1.70258
0.34	0.8	1.67773	1.68837
0.34	0.82	1.66275	1.67389
0.34	0.84	1.6483	1.65913
0.34	0.86	1.63444	1.6441
0.34	0.88	1.62117	1.62882
0.34	0.9	1.6085	1.61327
0.34	0.92	1.59646	1.59748
0.34	0.94	1.58502	1.58145
0.34	0.96	1.57417	1.56518
0.34	0.98	1.5639	1.54869
0.36	0	2.18328	1.97385
0.36	0.02	2.18236	1.97365
0.36	0.04	2.18058	1.97305
0.36	0.06	2.17795	1.97205
0.36	0.08	2.17447	1.97065
0.36	0.1	2.17016	1.96885
0.36	0.12	2.16501	1.96666
0.36	0.14	2.15904	1.96406
0.36	0.16	2.15227	1.96107
0.36	0.18	2.14471	1.95769
0.36	0.2	2.13636	1.95391
0.36	0.22	2.12726	1.94975
0.36	0.24	2.11741	1.94519
0.36	0.26	2.10685	1.94024
0.36	0.28	2.09558	1.9349
0.36	0.3	2.08364	1.92918
0.36	0.32	2.07105	1.92308
0.36	0.34	2.05784	1.9166
0.36	0.36	2.04403	1.90974
0.36	0.38	2.02967	1.90251
0.36	0.4	2.01478	1.89491
0.36	0.42	1.9994	1.88694
0.36	0.44	1.98356	1.8786
0.36	0.46	1.96732	1.8699
0.36	0.48	1.95071	1.86084
0.36	0.5	1.93377	1.85143
0.36	0.52	1.91656	1.84167
0.36	0.54	1.89912	1.83156
0.36	0.56	1.8815	1.8211
0.36	0.58	1.86376	1.81031
0.36	0.6	1.84594	1.79918
0.36	0.62	1.8281	1.78773
0.36	0.64	1.81031	1.77594
0.36	0.66	1.79261	1.76384
0.36	0.68	1.77505	1.75142
0.36	0.7	1.75771	1.73869
0.36	0.72	1.74062	1.72565
0.36	0.74	1.72385	1.71232
0.36	0.76	1.70745	1.69868
0.36	0.78	1.69146	1.68476
0.36	0.8	1.67593	1.67055
0.36	0.82	1.6609	1.65607
0.36	0.84	1.64641	1.64131
0.36	0.86	1.63249	1.62629
0.36	0.88	1.61916	1.611
0.36	0.9	1.60645	1.59546
0.36	0.92	1.59435	1.57967
0.36	0.94	1.58287	1.56364
0.36	0.96	1.572	1.54737
0.36	0.98	1.56173	1.53087
0.38	0	2.15926	1.9463
0.38	0.02	2.15871	1.9461
0.38	0.04	2.15731	1.9455
0.38	0.06	2.15506	1.9445
0.38	0.08	2.15196	1.9431
0.38	0.1	2.14802	1.9413
0.38	0.12	2.14326	1.93911
0.38	0.14	2.13767	1.93652
0.38	0.16	2.13128	1.93353
0.38	0.18	2.1241	1.93014
0.38	0.2	2.11614	1.92637
0.38	0.22	2.10741	1.9222
0.38	0.24	2.09794	1.91764
0.38	0.26	2.08775	1.91269
0.38	0.28	2.07685	1.90736
0.38	0.3	2.06528	1.90164
0.38	0.32	2.05305	1.89554
0.38	0.34	2.04019	1.88905
0.38	0.36	2.02673	1.8822
0.38	0.38	2.0127	1.87496
0.38	0.4	1.99814	1.86736
0.38	0.42	1.98308	1.85939
0.38	0.44	1.96756	1.85105
0.38	0.46	1.95161	1.84235
0.38	0.48	1.93528	1.8333
0.38	0.5	1.91861	1.82388
0.38	0.52	1.90165	1.81412
0.38	0.54	1.88445	1.80401
0.38	0.56	1.86705	1.79356
0.38	0.58	1.8495	1.78276
0.38	0.6	1.83187	1.77164
0.38	0.62	1.8142	1.76018
0.38	0.64	1.79654	1.7484
0.38	0.66	1.77896	1.73629
0.38	0.68	1.76151	1.72387
0.38	0.7	1.74425	1.71114
0.38	0.72	1.72723	1.69811
0.38	0.74	1.7105	1.68477
0.38	0.76	1.69412	1.67114
0.38	0.78	1.67814	1.65721
0.38	0.8	1.66261	1.64301
0.38	0.82	1.64756	1.62852
0.38	0.84	1.63304	1.61376
0.38	0.86	1.61908	1.59874
0.38	0.88	1.60572	1.58345
0.38	0.9	1.59296	1.56791
0.38	0.92	1.58082	1.55212
0.38	0.94	1.56932	1.53609
0.38	0.96	1.55844	1.51982
0.38	0.98	1.54817	1.50332
0.4	0	2.12297	1.9093
0.4	0.02	2.1228	1.9091
0.4	0.04	2.12178	1.9085
0.4	0.06	2.1199	1.9075
0.4	0.08	2.11719	1.9061
0.4	0.1	2.11363	1.9043
0.4	0.12	2.10925	1.90211
0.4	0.14	2.10406	1.89951
0.4	0.16	2.09805	1.89652
0.4	0.18	2.09126	1.89314
0.4	0.2	2.08368	1.88936
0.4	0.22	2.07534	1.88519
0.4	0.24	2.06625	1.88064
0.4	0.26	2.05644	1.87569
0.4	0.28	2.04592	1.87035
0.4	0.3	2.03472	1.86463
0.4	0.32	2.02286	1.85853
0.4	0.34	2.01036	1.85205
0.4	0.36	1.99726	1.84519
0.4	0.38	1.98359	1.83796
0.4	0.4	1.96937	1.83036
0.4	0.42	1.95464	1.82239
0.4	0.44	1.93943	1.81405
0.4	0.46	1.9238	1.80535
0.4	0.48	1.90776	1.79629
0.4	0.5	1.89138	1.78688
0.4	0.52	1.87469	1.77712
0.4	0.54	1.85774	1.76701
0.4	0.56	1.84057	1.75655
0.4	0.58	1.82325	1.74576
0.4	0.6	1.80582	1.73463
0.4	0.62	1.78833	1.72318
0.4	0.64	1.77084	1.71139
0.4	0.66	1.7534	1.69929
0.4	0.68	1.73607	1.68687
0.4	0.7	1.71891	1.67414
0.4	0.72	1.70197	1.6611
0.4	0.74	1.68531	1.64777
0.4	0.76	1.66897	1.63413
0.4	0.78	1.65302	1.62021
0.4	0.8	1.6375	1.606
0.4	0.82	1.62245	1.59152
0.4	0.84	1.60792	1.57676
0.4	0.86	1.59394	1.56173
0.4	0.88	1.58054	1.54645
0.4	0.9	1.56776	1.53091
0.4	0.92	1.55559	1.51512
0.4	0.94	1.54407	1.49909
0.4	0.96	1.53318	1.48282
0.4	0.98	1.52291	1.46632
0.42	0	2.0746	1.86321
0.42	0.02	2.0748	1.86301
0.42	0.04	2.07415	1.86241
0.42	0.06	2.07265	1.86141
0.42	0.08	2.07031	1.86001
0.42	0.1	2.06714	1.85821
0.42	0.12	2.06314	1.85602
0.42	0.14	2.05833	1.85343
0.42	0.16	2.05271	1.85044
0.42	0.18	2.0463	1.84705
0.42	0.2	2.0391	1.84328
0.42	0.22	2.03115	1.83911
0.42	0.24	2.02245	1.83455
0.42	0.26	2.01302	1.8296
0.42	0.28	2.00288	1.82426
0.42	0.3	1.99205	1.81855
0.42	0.32	1.98056	1.81244
0.42	0.34	1.96843	1.80596
0.42	0.36	1.95569	1.79911
0.42	0.38	1.94237	1.79187
0.42	0.4	1.9285	1.78427
0.42	0.42	1.9141	1.7763
0.42	0.44	1.89923	1.76796
0.42	0.46	1.88391	1.75926
0.42	0.48	1.86818	1.7502
0.42	0.5	1.85209	1.74079
0.42	0.52	1.83568	1.73103
0.42	0.54	1.819	1.72092
0.42	0.56	1.80208	1.71046
0.42	0.58	1.78499	1.69967
0.42	0.6	1.76777	1.68854
0.42	0.62	1.75047	1.67709
0.42	0.64	1.73316	1.66531
0.42	0.66	1.71588	1.6532
0.42	0.68	1.69869	1.64078
0.42	0.7	1.68164	1.62805
0.42	0.72	1.6648	1.61502
0.42	0.74	1.64821	1.60168
0.42	0.76	1.63194	1.58805
0.42	0.78	1.61602	1.57412
0.42	0.8	1.60053	1.55992
0.42	0.82	1.58549	1.54543
0.42	0.84	1.57095	1.53067
0.42	0.86	1.55696	1.51565
0.42	0.88	1.54355	1.50036
0.42	0.9	1.53074	1.48482
0.42	0.92	1.51855	1.46903
0.42	0.94	1.507	1.453
0.42	0.96	1.4961	1.43673
0.42	0.98	1.48583	1.42023
0.44	0	2.01454	1.8085
0.44	0.02	2.01509	1.8083
0.44	0.04	2.01481	1.8077
0.44	0.06	2.01367	1.8067
0.44	0.08	2.0117	1.8053
0.44	0.1	2.0089	1.8035
0.44	0.12	2.00527	1.80131
0.44	0.14	2.00083	1.79871
0.44	0.16	1.99559	1.79572
0.44	0.18	1.98955	1.79234
0.44	0.2	1.98274	1.78856
0.44	0.22	1.97516	1.78439
0.44	0.24	1.96684	1.77983
0.44	0.26	1.95778	1.77489
0.44	0.28	1.94801	1.76955
0.44	0.3	1.93756	1.76383
0.44	0.32	1.92644	1.75773
0.44	0.34	1.91467	1.75125
0.44	0.36	1.90229	1.74439
0.44	0.38	1.88932	1.73716
0.44	0.4	1.87579	1.72956
0.44	0.42	1.86174	1.72159
0.44	0.44	1.84719	1.71325
0.44	0.46	1.83219	1.70455
0.44	0.48	1.81677	1.69549
0.44	0.5	1.80098	1.68608
0.44	0.52	1.78485	1.67632
0.44	0.54	1.76843	1.66621
0.44	0.56	1.75177	1.65575
0.44	0.58	1.73491	1.64496
0.44	0.6	1.71791	1.63383
0.44	0.62	1.70082	1.62237
0.44	0.64	1.68368	1.61059
0.44	0.66	1.66657	1.59849
0.44	0.68	1.64952	1.58607
0.44	0.7	1.6326	1.57334
0.44	0.72	1.61586	1.5603
0.44	0.74	1.59936	1.54696
0.44	0.76	1.58315	1.53333
0.44	0.78	1.56729	1.51941
0.44	0.8	1.55182	1.5052
0.44	0.82	1.5368	1.49072
0.44	0.84	1.52226	1.47596
0.44	0.86	1.50826	1.46093
0.44	0.88	1.49483	1.44565
0.44	0.9	1.48199	1.43011
0.44	0.92	1.46978	1.41432
0.44	0.94	1.45821	1.39828
0.44	0.96	1.44729	1.38202
0.44	0.98	1.43702	1.36552
0.46	0	1.9434	1.74571
0.46	0.02	1.9443	1.74551
0.46	0.04	1.94435	1.74491
0.46	0.06	1.94357	1.74391
0.46	0.08	1.94194	1.74251
0.46	0.1	1.93949	1.74071
0.46	0.12	1.93622	1.73851
0.46	0.14	1.93214	1.73592
0.46	0.16	1.92726	1.73293
0.46	0.18	1.92158	1.72955
0.46	0.2	1.91513	1.72577
0.46	0.22	1.90792	1.7216
0.46	0.24	1.89995	1.71704
0.46	0.26	1.89126	1.7121
0.46	0.28	1.88186	1.70676
0.46	0.3	1.87176	1.70104
0.46	0.32	1.86099	1.69494
0.46	0.34	1.84958	1.68846
0.46	0.36	1.83755	1.6816
0.46	0.38	1.82492	1.67437
0.46	0.4	1.81173	1.66677
0.46	0.42	1.79801	1.65879
0.46	0.44	1.78378	1.65046
0.46	0.46	1.76909	1.64176
0.46	0.48	1.75398	1.6327
0.46	0.5	1.73847	1.62329
0.46	0.52	1.72262	1.61352
0.46	0.54	1.70647	1.60341
0.46	0.56	1.69006	1.59296
0.46	0.58	1.67343	1.58217
0.46	0.6	1.65665	1.57104
0.46	0.62	1.63976	1.55958
0.46	0.64	1.62281	1.5478
0.46	0.66	1.60586	1.5357
0.46	0.68	1.58895	1.52328
0.46	0.7	1.57216	1.51055
0.46	0.72	1.55553	1.49751
0.46	0.74	1.53911	1.48417
0.46	0.76	1.52297	1.47054
0.46	0.78	1.50715	1.45662
0.46	0.8	1.49172	1.44241
0.46	0.82	1.47671	1.42793
0.46	0.84	1.46218	1.41317
0.46	0.86	1.44816	1.39814
0.46	0.88	1.43471	1.38286
0.46	0.9	1.42184	1.36732
0.46	0.92	1.4096	1.35153
0.46	0.94	1.39799	1.33549
0.46	0.96	1.38704	1.31923
0.46	0.98	1.37675	1.30273
0.48	0	1.86203	1.67546
0.48	0.02	1.86324	1.67526
0.48	0.04	1.86361	1.67466
0.48	0.06	1.86315	1.67366
0.48	0.08	1.86185	1.67226
0.48	0.1	1.85973	1.67047
0.48	0.12	1.85679	1.66827
0.48	0.14	1.85304	1.66568
0.48	0.16	1.8485	1.66269
0.48	0.18	1.84316	1.65931
0.48	0.2	1.83705	1.65553
0.48	0.22	1.83018	1.65136
0.48	0.24	1.82256	1.6468
0.48	0.26	1.81421	1.64185
0.48	0.28	1.80514	1.63652
0.48	0.3	1.79539	1.6308
0.48	0.32	1.78496	1.6247
0.48	0.34	1.77388	1.61822
0.48	0.36	1.76218	1.61136
0.48	0.38	1.74988	1.60413
0.48	0.4	1.73701	1.59652
0.48	0.42	1.7236	1.58855
0.48	0.44	1.70969	1.58021
0.48	0.46	1.6953	1.57152
0.48	0.48	1.68047	1.56246
0.48	0.5	1.66525	1.55305
0.48	0.52	1.64966	1.54328
0.48	0.54	1.63376	1.53317
0.48	0.56	1.61759	1.52272
0.48	0.58	1.6012	1.51193
0.48	0.6	1.58462	1.5008
0.48	0.62	1.56792	1.48934
0.48	0.64	1.55115	1.47756
0.48	0.66	1.53435	1.46546
0.48	0.68	1.51759	1.45304
0.48	0.7	1.50091	1.44031
0.48	0.72	1.48438	1.42727
0.48	0.74	1.46805	1.41393
0.48	0.76	1.45196	1.4003
0.48	0.78	1.43619	1.38638
0.48	0.8	1.42078	1.37217
0.48	0.82	1.40578	1.35768
0.48	0.84	1.39124	1.34293
0.48	0.86	1.37721	1.3279
0.48	0.88	1.36372	1.31261
0.48	0.9	1.35081	1.29707
0.48	0.92	1.33852	1.28128
0.48	0.94	1.32687	1.26525
0.48	0.96	1.31587	1.24898
0.48	0.98	1.30554	1.23249
0.5	0	1.77146	1.59847
0.5	0.02	1.77295	1.59827
0.5	0.04	1.77361	1.59767
0.5	0.06	1.77344	1.59667
0.5	0.08	1.77243	1.59527
0.5	0.1	1.77061	1.59348
0.5	0.12	1.76798	1.59128
0.5	0.14	1.76453	1.58869
0.5	0.16	1.76029	1.5857
0.5	0.18	1.75527	1.58232
0.5	0.2	1.74947	1.57854
0.5	0.22	1.74291	1.57437
0.5	0.24	1.73561	1.56981
0.5	0.26	1.72758	1.56486
0.5	0.28	1.71883	1.55953
0.5	0.3	1.70939	1.55381
0.5	0.32	1.69927	1.54771
0.5	0.34	1.68851	1.54123
0.5	0.36	1.67711	1.53437
0.5	0.38	1.66512	1.52714
0.5	0.4	1.65255	1.51953
0.5	0.42	1.63943	1.51156
0.5	0.44	1.62581	1.50322
0.5	0.46	1.6117	1.49452
0.5	0.48	1.59714	1.48547
0.5	0.5	1.58217	1.47605
0.5	0.52	1.56684	1.46629
0.5	0.54	1.55118	1.45618
0.5	0.56	1.53523	1.44573
0.5	0.58	1.51905	1.43493
0.5	0.6	1.50267	1.42381
0.5	0.62	1.48615	1.41235
0.5	0.64	1.46954	1.40057
0.5	0.66	1.45288	1.38846
0.5	0.68	1.43625	1.37604
0.5	0.7	1.41968	1.36331
0.5	0.72	1.40323	1.35028
0.5	0.74	1.38697	1.33694
0.5	0.76	1.37093	1.32331
0.5	0.78	1.35519	1.30939
0.5	0.8	1.33979	1.29518
0.5	0.82	1.32478	1.28069
0.5	0.84	1.31022	1.26593
0.5	0.86	1.29615	1.25091
0.5	0.88	1.28262	1.23562
0.5	0.9	1.26966	1.22008
0.5	0.92	1.2573	1.20429
0.5	0.94	1.24558	1.18826
0.5	0.96	1.23452	1.17199
0.5	0.98	1.22412	1.15549
0.52	0	1.67293	1.5155
0.52	0.02	1.67467	1.5153
0.52	0.04	1.67557	1.5147
0.52	0.06	1.67565	1.5137
0.52	0.08	1.67491	1.5123
0.52	0.1	1.67335	1.51051
0.52	0.12	1.67098	1.50831
0.52	0.14	1.66781	1.50572
0.52	0.16	1.66384	1.50273
0.52	0.18	1.6591	1.49935
0.52	0.2	1.65358	1.49557
0.52	0.22	1.6473	1.4914
0.52	0.24	1.64028	1.48684
0.52	0.26	1.63253	1.48189
0.52	0.28	1.62406	1.47656
0.52	0.3	1.61491	1.47084
0.52	0.32	1.60507	1.46474
0.52	0.34	1.59459	1.45826
0.52	0.36	1.58348	1.4514
0.52	0.38	1.57176	1.44417
0.52	0.4	1.55946	1.43656
0.52	0.42	1.54661	1.42859
0.52	0.44	1.53324	1.42025
0.52	0.46	1.51938	1.41155
0.52	0.48	1.50507	1.4025
0.52	0.5	1.49034	1.39308
0.52	0.52	1.47524	1.38332
0.52	0.54	1.45979	1.37321
0.52	0.56	1.44404	1.36276
0.52	0.58	1.42805	1.35196
0.52	0.6	1.41184	1.34084
0.52	0.62	1.39548	1.32938
0.52	0.64	1.37901	1.3176
0.52	0.66	1.36248	1.30549
0.52	0.68	1.34595	1.29307
0.52	0.7	1.32947	1.28034
0.52	0.72	1.3131	1.26731
0.52	0.74	1.29688	1.25397
0.52	0.76	1.28088	1.24034
0.52	0.78	1.26515	1.22641
0.52	0.8	1.24974	1.21221
0.52	0.82	1.23471	1.19772
0.52	0.84	1.22011	1.18296
0.52	0.86	1.20598	1.16794
0.52	0.88	1.19238	1.15265
0.52	0.9	1.17934	1.13711
0.52	0.92	1.16689	1.12132
0.52	0.94	1.15508	1.10529
0.52	0.96	1.14392	1.08902
0.52	0.98	1.13343	1.07252
0.54	0	1.56784	1.42738
0.54	0.02	1.56978	1.42718
0.54	0.04	1.57089	1.42658
0.54	0.06	1.57118	1.42558
0.54	0.08	1.57066	1.42418
0.54	0.1	1.56932	1.42238
0.54	0.12	1.56718	1.42019
0.54	0.14	1.56423	1.4176
0.54	0.16	1.5605	1.41461
0.54	0.18	1.55599	1.41122
0.54	0.2	1.55071	1.40745
0.54	0.22	1.54468	1.40328
0.54	0.24	1.5379	1.39872
0.54	0.26	1.5304	1.39377
0.54	0.28	1.52218	1.38844
0.54	0.3	1.51327	1.38272
0.54	0.32	1.50369	1.37662
0.54	0.34	1.49345	1.37013
0.54	0.36	1.48258	1.36328
0.54	0.38	1.4711	1.35604
0.54	0.4	1.45904	1.34844
0.54	0.42	1.44642	1.34047
0.54	0.44	1.43328	1.33213
0.54	0.46	1.41965	1.32343
0.54	0.48	1.40555	1.31437
0.54	0.5	1.39103	1.30496
0.54	0.52	1.37611	1.2952
0.54	0.54	1.36085	1.28509
0.54	0.56	1.34528	1.27463
0.54	0.58	1.32944	1.26384
0.54	0.6	1.31339	1.25272
0.54	0.62	1.29716	1.24126
0.54	0.64	1.28081	1.22948
0.54	0.66	1.26438	1.21737
0.54	0.68	1.24793	1.20495
0.54	0.7	1.23151	1.19222
0.54	0.72	1.21518	1.17919
0.54	0.74	1.19899	1.16585
0.54	0.76	1.183	1.15222
0.54	0.78	1.16725	1.13829
0.54	0.8	1.15181	1.12409
0.54	0.82	1.13674	1.1096
0.54	0.84	1.12207	1.09484
0.54	0.86	1.10786	1.07982
0.54	0.88	1.09416	1.06453
0.54	0.9	1.08101	1.04899
0.54	0.92	1.06845	1.0332
0.54	0.94	1.05651	1.01717
0.54	0.96	1.04522	1.0009
0.54	0.98	1.03461	0.984402
0.56	0	1.45774	1.33499
0.56	0.02	1.45983	1.33479
0.56	0.04	1.4611	1.33419
0.56	0.06	1.46156	1.33319
0.56	0.08	1.46121	1.33179
0.56	0.1	1.46005	1.32999
0.56	0.12	1.45808	1.3278
0.56	0.14	1.45533	1.3252
0.56	0.16	1.45179	1.32222
0.56	0.18	1.44747	1.31883
0.56	0.2	1.44239	1.31505
0.56	0.22	1.43655	1.31089
0.56	0.24	1.42998	1.30633
0.56	0.26	1.42268	1.30138
0.56	0.28	1.41467	1.29604
0.56	0.3	1.40596	1.29032
0.56	0.32	1.39659	1.28422
0.56	0.34	1.38655	1.27774
0.56	0.36	1.37589	1.27088
0.56	0.38	1.36461	1.26365
0.56	0.4	1.35275	1.25605
0.56	0.42	1.34033	1.24808
0.56	0.44	1.32738	1.23974
0.56	0.46	1.31393	1.23104
0.56	0.48	1.30001	1.22198
0.56	0.5	1.28566	1.21257
0.56	0.52	1.27091	1.20281
0.56	0.54	1.25579	1.1927
0.56	0.56	1.24036	1.18224
0.56	0.58	1.22466	1.17145
0.56	0.6	1.20872	1.16032
0.56	0.62	1.19259	1.14887
0.56	0.64	1.17632	1.13708
0.56	0.66	1.15996	1.12498
0.56	0.68	1.14356	1.11256
0.56	0.7	1.12718	1.09983
0.56	0.72	1.11087	1.08679
0.56	0.74	1.09467	1.07346
0.56	0.76	1.07866	1.05982
0.56	0.78	1.06288	1.0459
0.56	0.8	1.04738	1.03169
0.56	0.82	1.03222	1.01721
0.56	0.84	1.01746	1.00245
0.56	0.86	1.00314	0.987426
0.56	0.88	0.989316	0.972139
0.56	0.9	0.976027	0.956598
0.56	0.92	0.963315	0.940808
0.56	0.94	0.951217	0.924776
0.56	0.96	0.939764	0.908508
0.56	0.98	0.928979	0.892011
0.58	0	1.34426	1.23925
0.58	0.02	1.34646	1.23905
0.58	0.04	1.34785	1.23845
0.58	0.06	1.34843	1.23745
0.58	0.08	1.3482	1.23605
0.58	0.1	1.34716	1.23425
0.58	0.12	1.34534	1.23206
0.58	0.14	1.34272	1.22947
0.58	0.16	1.33932	1.22648
0.58	0.18	1.33515	1.22309
0.58	0.2	1.33022	1.21932
0.58	0.22	1.32454	1.21515
0.58	0.24	1.31812	1.21059
0.58	0.26	1.31098	1.20564
0.58	0.28	1.30313	1.2003
0.58	0.3	1.29459	1.19459
0.58	0.32	1.28537	1.18848
0.58	0.34	1.2755	1.182
0.58	0.36	1.26499	1.17515
0.58	0.38	1.25388	1.16791
0.58	0.4	1.24217	1.16031
0.58	0.42	1.22991	1.15234
0.58	0.44	1.21711	1.144
0.58	0.46	1.2038	1.1353
0.58	0.48	1.19002	1.12624
0.58	0.5	1.1758	1.11683
0.58	0.52	1.16117	1.10707
0.58	0.54	1.14618	1.09696
0.58	0.56	1.13085	1.0865
0.58	0.58	1.11523	1.07571
0.58	0.6	1.09937	1.06458
0.58	0.62	1.08331	1.05313
0.58	0.64	1.06709	1.04135
0.58	0.66	1.05077	1.02924
0.58	0.68	1.03439	1.01682
0.58	0.7	1.01801	1.00409
0.58	0.72	1.00168	0.991055
0.58	0.74	0.985451	0.977718
0.58	0.76	0.969382	0.964085
0.58	0.78	0.953525	0.950163
0.58	0.8	0.937937	0.935956
0.58	0.82	0.922671	0.921471
0.58	0.84	0.90778	0.906712
0.58	0.86	0.893316	0.891687
0.58	0.88	0.879329	0.8764
0.58	0.9	0.865865	0.860859
0.58	0.92	0.852966	0.845069
0.58	0.94	0.840671	0.829037
0.58	0.96	0.829014	0.812769
0.58	0.98	0.818021	0.796272
0.6	0	1.22914	1.14112
0.6	0.02	1.2314	1.14092
0.6	0.04	1.23285	1.14032
0.6	0.06	1.23349	1.13932
0.6	0.08	1.23333	1.13792
0.6	0.1	1.23238	1.13612
0.6	0.12	1.23064	1.13393
0.6	0.14	1.22811	1.13134
0.6	0.16	1.2248	1.12835
0.6	0.18	1.22073	1.12496
0.6	0.2	1.2159	1.12119
0.6	0.22	1.21033	1.11702
0.6	0.24	1.20402	1.11246
0.6	0.26	1.19699	1.10751
0.6	0.28	1.18925	1.10218
0.6	0.3	1.18083	1.09646
0.6	0.32	1.17173	1.09036
0.6	0.34	1.16197	1.08387
0.6	0.36	1.15158	1.07702
0.6	0.38	1.14058	1.06978
0.6	0.4	1.12899	1.06218
0.6	0.42	1.11683	1.05421
0.6	0.44	1.10414	1.04587
0.6	0.46	1.09094	1.03717
0.6	0.48	1.07725	1.02811
0.6	0.5	1.06312	1.0187
0.6	0.52	1.04857	1.00894
0.6	0.54	1.03365	0.998829
0.6	0.56	1.01839	0.988375
0.6	0.58	1.00283	0.977583
0.6	0.6	0.987004	0.966456
0.6	0.62	0.970969	0.954998
0.6	0.64	0.954765	0.943216
0.6	0.66	0.938441	0.931112
0.6	0.68	0.922046	0.918693
0.6	0.7	0.905631	0.905962
0.6	0.72	0.889247	0.892926
0.6	0.74	0.872949	0.879589
0.6	0.76	0.85679	0.865956
0.6	0.78	0.840826	0.852034
0.6	0.8	0.82511	0.837827
0.6	0.82	0.809698	0.823341
0.6	0.84	0.794643	0.808583
0.6	0.86	0.779998	0.793557
0.6	0.88	0.765813	0.778271
0.6	0.9	0.752136	0.76273
0.6	0.92	0.73901	0.74694
0.6	0.94	0.726478	0.730908
0.6	0.96	0.714575	0.71464
0.6	0.98	0.703331	0.698143
0.62	0	1.11411	1.04158
0.62	0.02	1.11637	1.04138
0.62	0.04	1.11783	1.04078
0.62	0.06	1.1185	1.03978
0.62	0.08	1.11836	1.03838
0.62	0.1	1.11744	1.03658
0.62	0.12	1.11573	1.03439
0.62	0.14	1.11324	1.0318
0.62	0.16	1.10998	1.02881
0.62	0.18	1.10596	1.02542
0.62	0.2	1.10118	1.02165
0.62	0.22	1.09566	1.01748
0.62	0.24	1.08941	1.01292
0.62	0.26	1.08245	1.00797
0.62	0.28	1.07478	1.00264
0.62	0.3	1.06642	0.996917
0.62	0.32	1.05739	0.990816
0.62	0.34	1.0477	0.984335
0.62	0.36	1.03738	0.977477
0.62	0.38	1.02645	0.970245
0.62	0.4	1.01493	0.962642
0.62	0.42	1.00283	0.95467
0.62	0.44	0.990202	0.946332
0.62	0.46	0.977056	0.937633
0.62	0.48	0.963424	0.928576
0.62	0.5	0.949339	0.919163
0.62	0.52	0.934833	0.9094
0.62	0.54	0.919942	0.899289
0.62	0.56	0.9047	0.888836
0.62	0.58	0.889149	0.878043
0.62	0.6	0.873328	0.866916
0.62	0.62	0.857281	0.855459
0.62	0.64	0.841052	0.843676
0.62	0.66	0.824688	0.831573
0.62	0.68	0.808237	0.819153
0.62	0.7	0.791749	0.806423
0.62	0.72	0.775275	0.793386
0.62	0.74	0.758869	0.780049
0.62	0.76	0.742584	0.766417
0.62	0.78	0.726475	0.752494
0.62	0.8	0.710595	0.738287
0.62	0.82	0.695	0.723802
0.62	0.84	0.679744	0.709043
0.62	0.86	0.664879	0.694018
0.62	0.88	0.650457	0.678732
0.62	0.9	0.636527	0.663191
0.62	0.92	0.623135	0.647401
0.62	0.94	0.610324	0.631369
0.62	0.96	0.598132	0.615101
0.62	0.98	0.586592	0.598603
0.64	0	1.00091	0.941626
0.64	0.02	1.00313	0.941426
0.64	0.04	1.00455	0.940826
0.64	0.06	1.00518	0.939826
0.64	0.08	1.00502	0.938428
0.64	0.1	1.00408	0.93663
0.64	0.12	1.00235	0.934434
0.64	0.14	0.999853	0.931842
0.64	0.16	0.996589	0.928853
0.64	0.18	0.992567	0.92547
0.64	0.2	0.987795	0.921692
0.64	0.22	0.982285	0.917523
0.64	0.24	0.976048	0.912964
0.64	0.26	0.969096	0.908016
0.64	0.28	0.961442	0.902681
0.64	0.3	0.953103	0.896962
0.64	0.32	0.944093	0.890861
0.64	0.34	0.934431	0.884381
0.64	0.36	0.924135	0.877523
0.64	0.38	0.913224	0.87029
0.64	0.4	0.901722	0.862687
0.64	0.42	0.889651	0.854715
0.64	0.44	0.877035	0.846378
0.64	0.46	0.863902	0.837678
0.64	0.48	0.850279	0.828621
0.64	0.5	0.836197	0.819208
0.64	0.52	0.821688	0.809445
0.64	0.54	0.806785	0.799335
0.64	0.56	0.791524	0.788881
0.64	0.58	0.775944	0.778089
0.64	0.6	0.760082	0.766961
0.64	0.62	0.743983	0.755504
0.64	0.64	0.727688	0.743722
0.64	0.66	0.711244	0.731618
0.64	0.68	0.694698	0.719199
0.64	0.7	0.678099	0.706468
0.64	0.72	0.661498	0.693432
0.64	0.74	0.644947	0.680094
0.64	0.76	0.628498	0.666462
0.64	0.78	0.612206	0.652539
0.64	0.8	0.596124	0.638333
0.64	0.82	0.580309	0.623847
0.64	0.84	0.564813	0.609089
0.64	0.86	0.54969	0.594063
0.64	0.88	0.534992	0.578777
0.64	0.9	0.52077	0.563236
0.64	0.92	0.507071	0.547446
0.64	0.94	0.493939	0.531414
0.64	0.96	0.481415	0.515146
0.64	0.98	0.469534	0.498648
0.66	0	0.891221	0.842254
0.66	0.02	0.893344	0.842054
0.66	0.04	0.894679	0.841454
0.66	0.06	0.895228	0.840455
0.66	0.08	0.894994	0.839056
0.66	0.1	0.893981	0.837258
0.66	0.12	0.892193	0.835063
0.66	0.14	0.889638	0.83247
0.66	0.16	0.886321	0.829482
0.66	0.18	0.882252	0.826098
0.66	0.2	0.877437	0.822321
0.66	0.22	0.871889	0.818152
0.66	0.24	0.865617	0.813592
0.66	0.26	0.858633	0.808644
0.66	0.28	0.850952	0.80331
0.66	0.3	0.842586	0.797591
0.66	0.32	0.833552	0.79149
0.66	0.34	0.823867	0.785009
0.66	0.36	0.813548	0.778151
0.66	0.38	0.802616	0.770919
0.66	0.4	0.79109	0.763315
0.66	0.42	0.778995	0.755343
0.66	0.44	0.766352	0.747006
0.66	0.46	0.753189	0.738307
0.66	0.48	0.739532	0.729249
0.66	0.5	0.725411	0.719837
0.66	0.52	0.710856	0.710073
0.66	0.54	0.6959	0.699963
0.66	0.56	0.680579	0.689509
0.66	0.58	0.664928	0.678717
0.66	0.6	0.648986	0.66759
0.66	0.62	0.632794	0.656133
0.66	0.64	0.616395	0.64435
0.66	0.66	0.599833	0.632247
0.66	0.68	0.583154	0.619827
0.66	0.7	0.566406	0.607096
0.66	0.72	0.54964	0.59406
0.66	0.74	0.532906	0.580723
0.66	0.76	0.516256	0.56709
0.66	0.78	0.499744	0.553168
0.66	0.8	0.483425	0.538961
0.66	0.82	0.467352	0.524476
0.66	0.84	0.451579	0.509717
0.66	0.86	0.436161	0.494692
0.66	0.88	0.421149	0.479405
0.66	0.9	0.406596	0.463864
0.66	0.92	0.39255	0.448074
0.66	0.94	0.379056	0.432042
0.66	0.96	0.366158	0.415774
0.66	0.98	0.353893	0.399277
0.68	0	0.786619	0.744459
0.68	0.02	0.788604	0.744259
0.68	0.04	0.789807	0.743659
0.68	0.06	0.790231	0.742659
0.68	0.08	0.789878	0.741261
0.68	0.1	0.788751	0.739463
0.68	0.12	0.786857	0.737268
0.68	0.14	0.7842	0.734675
0.68	0.16	0.780787	0.731686
0.68	0.18	0.776625	0.728303
0.68	0.2	0.771724	0.724525
0.68	0.22	0.766093	0.720356
0.68	0.24	0.759742	0.715797
0.68	0.26	0.752683	0.710849
0.68	0.28	0.74493	0.705514
0.68	0.3	0.736495	0.699795
0.68	0.32	0.727393	0.693694
0.68	0.34	0.717642	0.687214
0.68	0.36	0.707259	0.680356
0.68	0.38	0.696261	0.673124
0.68	0.4	0.684671	0.66552
0.68	0.42	0.672508	0.657548
0.68	0.44	0.659798	0.649211
0.68	0.46	0.646563	0.640511
0.68	0.48	0.632831	0.631454
0.68	0.5	0.61863	0.622041
0.68	0.52	0.60399	0.612278
0.68	0.54	0.588942	0.602168
0.68	0.56	0.573521	0.591714
0.68	0.58	0.557761	0.580922
0.68	0.6	0.541701	0.569795
0.68	0.62	0.52538	0.558337
0.68	0.64	0.508839	0.546555
0.68	0.66	0.492121	0.534451
0.68	0.68	0.475273	0.522032
0.68	0.7	0.458341	0.509301
0.68	0.72	0.441374	0.496265
0.68	0.74	0.424421	0.482927
0.68	0.76	0.407536	0.469295
0.68	0.78	0.39077	0.455372
0.68	0.8	0.374177	0.441166
0.68	0.82	0.357811	0.42668
0.68	0.84	0.341726	0.411922
0.68	0.86	0.325977	0.396896
0.68	0.88	0.310616	0.38161
0.68	0.9	0.295695	0.366069
0.68	0.92	0.281264	0.350279
0.68	0.94	0.267371	0.334247
0.68	0.96	0.254059	0.317979
0.68	0.98	0.241368	0.301481
0.7	0	0.688561	0.649217
0.7	0.02	0.690367	0.649017
0.7	0.04	0.691398	0.648417
0.7	0.06	0.691656	0.647417
0.7	0.08	0.691143	0.646018
0.7	0.1	0.689863	0.644221
0.7	0.12	0.68782	0.642025
0.7	0.14	0.685021	0.639433
0.7	0.16	0.681471	0.636444
0.7	0.18	0.677177	0.63306
0.7	0.2	0.672149	0.629283
0.7	0.22	0.666395	0.625114
0.7	0.24	0.659925	0.620555
0.7	0.26	0.652751	0.615607
0.7	0.28	0.644886	0.610272
0.7	0.3	0.636341	0.604553
0.7	0.32	0.627133	0.598452
0.7	0.34	0.617277	0.591971
0.7	0.36	0.606789	0.585114
0.7	0.38	0.595688	0.577881
0.7	0.4	0.583994	0.570278
0.7	0.42	0.571727	0.562306
0.7	0.44	0.558909	0.553968
0.7	0.46	0.545566	0.545269
0.7	0.48	0.531721	0.536212
0.7	0.5	0.517404	0.526799
0.7	0.52	0.502641	0.517036
0.7	0.54	0.487466	0.506925
0.7	0.56	0.471908	0.496472
0.7	0.58	0.456005	0.485679
0.7	0.6	0.439791	0.474552
0.7	0.62	0.423305	0.463095
0.7	0.64	0.406588	0.451313
0.7	0.66	0.389682	0.439209
0.7	0.68	0.372631	0.426789
0.7	0.7	0.355482	0.414059
0.7	0.72	0.338281	0.401023
0.7	0.74	0.321078	0.387685
0.7	0.76	0.303925	0.374053
0.7	0.78	0.286872	0.36013
0.7	0.8	0.269974	0.345923
0.7	0.82	0.253283	0.331438
0.7	0.84	0.236855	0.31668
0.7	0.86	0.220742	0.301654
0.7	0.88	0.204998	0.286368
0.7	0.9	0.189676	0.270827
0.7	0.92	0.174826	0.255037
0.7	0.94	0.160498	0.239005
0.7	0.96	0.146736	0.222737
0.7	0.98	0.133582	0.206239
0.72	0	0.598337	0.55748
0.72	0.02	0.599929	0.55728
0.72	0.04	0.600752	0.55668
0.72	0.06	0.600808	0.55568
0.72	0.08	0.6001	0.554281
0.72	0.1	0.598631	0.552484
0.72	0.12	0.596405	0.550288
0.72	0.14	0.593427	0.547696
0.72	0.16	0.589704	0.544707
0.72	0.18	0.585243	0.541323
0.72	0.2	0.580052	0.537546
0.72	0.22	0.57414	0.533377
0.72	0.24	0.567516	0.528818
0.72	0.26	0.560192	0.52387
0.72	0.28	0.552179	0.518535
0.72	0.3	0.54349	0.512816
0.72	0.32	0.53414	0.506715
0.72	0.34	0.524144	0.500234
0.72	0.36	0.513518	0.493376
0.72	0.38	0.502279	0.486144
0.72	0.4	0.490446	0.478541
0.72	0.42	0.47804	0.470568
0.72	0.44	0.465083	0.462231
0.72	0.46	0.451597	0.453532
0.72	0.48	0.437607	0.444474
0.72	0.5	0.42314	0.435062
0.72	0.52	0.408223	0.425299
0.72	0.54	0.392887	0.415188
0.72	0.56	0.377162	0.404735
0.72	0.58	0.361083	0.393942
0.72	0.6	0.344685	0.382815
0.72	0.62	0.328005	0.371358
0.72	0.64	0.311082	0.359575
0.72	0.66	0.293957	0.347472
0.72	0.68	0.276674	0.335052
0.72	0.7	0.259278	0.322322
0.72	0.72	0.241815	0.309285
0.72	0.74	0.224333	0.295948
0.72	0.76	0.206884	0.282316
0.72	0.78	0.189517	0.268393
0.72	0.8	0.172285	0.254186
0.72	0.82	0.155242	0.239701
0.72	0.84	0.138441	0.224942
0.72	0.86	0.121937	0.209917
0.72	0.88	0.105782	0.194631
0.72	0.9	0.0900293	0.17909
0.72	0.92	0.0747309	0.1633
0.72	0.94	0.0599361	0.147268
0.72	0.96	0.0456921	0.131
0.72	0.98	0.0320429	0.114502
0.74	0	0.517049	0.470164
0.74	0.02	0.518396	0.469964
0.74	0.04	0.518981	0.469364
0.74	0.06	0.518806	0.468364
0.74	0.08	0.517873	0.466966
0.74	0.1	0.516184	0.465168
0.74	0.12	0.513745	0.462972
0.74	0.14	0.510559	0.46038
0.74	0.16	0.506634	0.457391
0.74	0.18	0.501975	0.454008
0.74	0.2	0.496591	0.45023
0.74	0.22	0.490491	0.446061
0.74	0.24	0.483683	0.441502
0.74	0.26	0.476179	0.436554
0.74	0.28	0.467989	0.431219
0.74	0.3	0.459127	0.4255
0.74	0.32	0.449605	0.419399
0.74	0.34	0.43944	0.412919
0.74	0.36	0.428645	0.406061
0.74	0.38	0.417239	0.398828
0.74	0.4	0.40524	0.391225
0.74	0.42	0.392667	0.383253
0.74	0.44	0.379541	0.374916
0.74	0.46	0.365884	0.366216
0.74	0.48	0.351721	0.357159
0.74	0.5	0.337076	0.347746
0.74	0.52	0.321978	0.337983
0.74	0.54	0.306454	0.327873
0.74	0.56	0.290535	0.317419
0.74	0.58	0.274255	0.306627
0.74	0.6	0.257646	0.295499
0.74	0.62	0.240745	0.284042
0.74	0.64	0.223591	0.27226
0.74	0.66	0.206224	0.260156
0.74	0.68	0.188684	0.247737
0.74	0.7	0.171017	0.235006
0.74	0.72	0.153268	0.22197
0.74	0.74	0.135484	0.208632
0.74	0.76	0.117715	0.195
0.74	0.78	0.100011	0.181077
0.74	0.8	0.0824229	0.166871
0.74	0.82	0.0650044	0.152385
0.74	0.84	0.0478084	0.137627
0.74	0.86	0.0308886	0.122601
0.74	0.88	0.0142987	0.107315
0.74	0.9	-0.00190821	0.0917738
0.74	0.92	-0.0176801	0.075984
0.74	0.94	-0.0329665	0.0599519
0.74	0.96	-0.047719	0.0436838
0.74	0.98	-0.0618921	0.0271864
0.76	0	0.445585	0.388142
0.76	0.02	0.446664	0.387942
0.76	0.04	0.446989	0.387342
0.76	0.06	0.446558	0.386343
0.76	0.08	0.445376	0.384944
0.76	0.1	0.443444	0.383146
0.76	0.12	0.440768	0.380951
0.76	0.14	0.437351	0.378358
0.76	0.16	0.433199	0.375369
0.76	0.18	0.428319	0.371986
0.76	0.2	0.422719	0.368209
0.76	0.22	0.416407	0.36404
0.76	0.24	0.409391	0.35948
0.76	0.26	0.401683	0.354532
0.76	0.28	0.393293	0.349198
0.76	0.3	0.384233	0.343479
0.76	0.32	0.374517	0.337378
0.76	0.34	0.364159	0.330897
0.76	0.36	0.353173	0.324039
0.76	0.38	0.341577	0.316807
0.76	0.4	0.329388	0.309203
0.76	0.42	0.316624	0.301231
0.76	0.44	0.303307	0.292894
0.76	0.46	0.289457	0.284195
0.76	0.48	0.275099	0.275137
0.76	0.5	0.260255	0.265725
0.76	0.52	0.244953	0.255961
0.76	0.54	0.229221	0.245851
0.76	0.56	0.213087	0.235397
0.76	0.58	0.196584	0.224605
0.76	0.6	0.179745	0.213478
0.76	0.62	0.162604	0.202021
0.76	0.64	0.145199	0.190238
0.76	0.66	0.127569	0.178134
0.76	0.68	0.109755	0.165715
0.76	0.7	0.0917984	0.152984
0.76	0.72	0.0737451	0.139948
0.76	0.74	0.0556412	0.126611
0.76	0.76	0.0375348	0.112978
0.76	0.78	0.0194754	0.0990556
0.76	0.8	0.00151398	0.0848488
0.76	0.82	-0.0162975	0.0703633
0.76	0.84	-0.0339061	0.0556049
0.76	0.86	-0.0512586	0.0405796
0.76	0.88	-0.0683013	0.0252933
0.76	0.9	-0.084981	0.00975208
0.76	0.92	-0.101245	-0.00603773
0.76	0.94	-0.117043	-0.0220699
0.76	0.96	-0.132324	-0.0383379
0.76	0.98	-0.147043	-0.0548353
0.78	0	0.38461	0.312234
0.78	0.02	0.385405	0.312034
0.78	0.04	0.385451	0.311434
0.78	0.06	0.384749	0.310434
0.78	0.08	0.383301	0.309036
0.78	0.1	0.381109	0.307238
0.78	0.12	0.378178	0.305042
0.78	0.14	0.374513	0.30245
0.78	0.16	0.370118	0.299461
0.78	0.18	0.365	0.296078
0.78	0.2	0.359166	0.2923
0.78	0.22	0.352624	0.288131
0.78	0.24	0.345384	0.283572
0.78	0.26	0.337455	0.278624
0.78	0.28	0.328847	0.273289
0.78	0.3	0.319573	0.26757
0.78	0.32	0.309645	0.261469
0.78	0.34	0.299077	0.254989
0.78	0.36	0.287884	0.248131
0.78	0.38	0.276081	0.240898
0.78	0.4	0.263685	0.233295
0.78	0.42	0.250715	0.225323
0.78	0.44	0.237191	0.216986
0.78	0.46	0.223132	0.208286
0.78	0.48	0.208562	0.199229
0.78	0.5	0.193504	0.189816
0.78	0.52	0.177983	0.180053
0.78	0.54	0.162027	0.169943
0.78	0.56	0.145664	0.159489
0.78	0.58	0.128924	0.148696
0.78	0.6	0.11184	0.137569
0.78	0.62	0.0944452	0.126112
0.78	0.64	0.0767761	0.11433
0.78	0.66	0.0588705	0.102226
0.78	0.68	0.0407679	0.0898066
0.78	0.7	0.0225101	0.077076
0.78	0.72	0.00414061	0.0640396
0.78	0.74	-0.0142952	0.0507024
0.78	0.76	-0.0327504	0.0370699
0.78	0.78	-0.0511761	0.0231474
0.78	0.8	-0.0695224	0.00894055
0.78	0.82	-0.0877379	-0.00554495
0.78	0.84	-0.10577	-0.0203033
0.78	0.86	-0.123567	-0.0353287
0.78	0.88	-0.141074	-0.050615
0.78	0.9	-0.158238	-0.0661562
0.78	0.92	-0.175007	-0.081946
0.78	0.94	-0.191329	-0.0979781
0.78	0.96	-0.207154	-0.114246
0.78	0.98	-0.222433	-0.130744
0.8	0	0.334556	0.243198
0.8	0.02	0.335057	0.242998
0.8	0.04	0.334815	0.242398
0.8	0.06	0.333831	0.241398
0.8	0.08	0.332107	0.239999
0.8	0.1	0.329645	0.238202
0.8	0.12	0.32645	0.236006
0.8	0.14	0.322525	0.233414
0.8	0.16	0.317876	0.230425
0.8	0.18	0.312509	0.227041
0.8	0.2	0.306432	0.223264
0.8	0.22	0.299651	0.219095
0.8	0.24	0.292175	0.214535
0.8	0.26	0.284015	0.209587
0.8	0.28	0.275179	0.204253
0.8	0.3	0.26568	0.198534
0.8	0.32	0.255531	0.192433
0.8	0.34	0.244743	0.185952
0.8	0.36	0.233331	0.179094
0.8	0.38	0.221311	0.171862
0.8	0.4	0.208699	0.164258
0.8	0.42	0.195513	0.156286
0.8	0.44	0.181771	0.147949
0.8	0.46	0.167494	0.13925
0.8	0.48	0.152703	0.130192
0.8	0.5	0.137421	0.12078
0.8	0.52	0.121673	0.111017
0.8	0.54	0.105485	0.100906
0.8	0.56	0.0888835	0.0904526
0.8	0.58	0.0718991	0.0796602
0.8	0.6	0.0545625	0.0685331
0.8	0.62	0.0369067	0.057076
0.8	0.64	0.0189666	0.0452933
0.8	0.66	0.000778749	0.0331897
0.8	0.68	-0.0176181	0.0207702
0.8	0.7	-0.0361834	0.00803969
0.8	0.72	-0.0548748	-0.00499677
0.8	0.74	-0.073648	-0.0183339
0.8	0.76	-0.0924569	-0.0319665
0.8	0.78	-0.111254	-0.045889
0.8	0.8	-0.12999	-0.0600958
0.8	0.82	-0.148614	-0.0745813
0.8	0.84	-0.167075	-0.0893397
0.8	0.86	-0.18532	-0.104365
0.8	0.88	-0.203296	-0.119651
0.8	0.9	-0.22095	-0.135193
0.8	0.92	-0.23823	-0.150982
0.8	0.94	-0.255082	-0.167014
0.8	0.96	-0.271456	-0.183283
0.8	0.98	-0.287304	-0.19978
0.82	0	0.295623	0.181723
0.82	0.02	0.295826	0.181523
0.82	0.04	0.295292	0.180923
0.82	0.06	0.294023	0.179923
0.82	0.08	0.292019	0.178525
0.82	0.1	0.289284	0.176727
0.82	0.12	0.285821	0.174532
0.82	0.14	0.281633	0.171939
0.82	0.16	0.276727	0.16895
0.82	0.18	0.271108	0.165567
0.82	0.2	0.264783	0.161789
0.82	0.22	0.257759	0.15762
0.82	0.24	0.250044	0.153061
0.82	0.26	0.241649	0.148113
0.82	0.28	0.232582	0.142778
0.82	0.3	0.222855	0.137059
0.82	0.32	0.212479	0.130958
0.82	0.34	0.201468	0.124478
0.82	0.36	0.189834	0.11762
0.82	0.38	0.177594	0.110388
0.82	0.4	0.164762	0.102784
0.82	0.42	0.151357	0.0948118
0.82	0.44	0.137395	0.0864746
0.82	0.46	0.122896	0.0777754
0.82	0.48	0.107882	0.0687178
0.82	0.5	0.0923745	0.0593055
0.82	0.52	0.0763966	0.0495421
0.82	0.54	0.059974	0.0394316
0.82	0.56	0.0431332	0.028978
0.82	0.58	0.0259027	0.0181855
0.82	0.6	0.00831258	0.0070585
0.82	0.62	-0.00960519	-0.00439865
0.82	0.64	-0.0278169	-0.0161814
0.82	0.66	-0.0462869	-0.0282849
0.82	0.68	-0.0649778	-0.0407044
0.82	0.7	-0.0838501	-0.0534349
0.82	0.72	-0.102862	-0.0664714
0.82	0.74	-0.121972	-0.0798086
0.82	0.76	-0.141133	-0.0934411
0.82	0.78	-0.160299	-0.107364
0.82	0.8	-0.179423	-0.12157
0.82	0.82	-0.198454	-0.136056
0.82	0.84	-0.217341	-0.150814
0.82	0.86	-0.236033	-0.16584
0.82	0.88	-0.254476	-0.181126
0.82	0.9	-0.272619	-0.196667
0.82	0.92	-0.290407	-0.212457
0.82	0.94	-0.307789	-0.228489
0.82	0.96	-0.324713	-0.244757
0.82	0.98	-0.341129	-0.261255
0.84	0	0.267782	0.128424
0.84	0.02	0.267691	0.128224
0.84	0.04	0.266869	0.127624
0.84	0.06	0.265318	0.126625
0.84	0.08	0.263038	0.125226
0.84	0.1	0.260032	0.123428
0.84	0.12	0.256303	0.121233
0.84	0.14	0.251856	0.11864
0.84	0.16	0.246696	0.115652
0.84	0.18	0.240827	0.112268
0.84	0.2	0.234257	0.108491
0.84	0.22	0.226993	0.104322
0.84	0.24	0.219042	0.0997622
0.84	0.26	0.210414	0.0948142
0.84	0.28	0.201118	0.0894797
0.84	0.3	0.191166	0.0837607
0.84	0.32	0.180567	0.0776596
0.84	0.34	0.169336	0.0711789
0.84	0.36	0.157484	0.0643211
0.84	0.38	0.145026	0.0570889
0.84	0.4	0.131978	0.0494852
0.84	0.42	0.118356	0.0415132
0.84	0.44	0.104178	0.0331759
0.84	0.46	0.0894617	0.0244767
0.84	0.48	0.0742281	0.0154192
0.84	0.5	0.0584982	0.00600679
0.84	0.52	0.042295	-0.00375659
0.84	0.54	0.0256426	-0.0138671
0.84	0.56	0.00856694	-0.0243207
0.84	0.58	-0.00890457	-0.0351131
0.84	0.6	-0.0267428	-0.0462402
0.84	0.62	-0.0449169	-0.0576973
0.84	0.64	-0.0633941	-0.06948
0.84	0.66	-0.08214	-0.0815835
0.84	0.68	-0.101118	-0.0940031
0.84	0.7	-0.12029	-0.106734
0.84	0.72	-0.139616	-0.11977
0.84	0.74	-0.159054	-0.133107
0.84	0.76	-0.17856	-0.14674
0.84	0.78	-0.198087	-0.160662
0.84	0.8	-0.21759	-0.174869
0.84	0.82	-0.237019	-0.189355
0.84	0.84	-0.256323	-0.204113
0.84	0.86	-0.275453	-0.219138
0.84	0.88	-0.294355	-0.234425
0.84	0.9	-0.312977	-0.249966
0.84	0.92	-0.331266	-0.265756
0.84	0.94	-0.34917	-0.281788
0.84	0.96	-0.366637	-0.298056
0.84	0.98	-0.383615	-0.314553
0.86	0	0.250794	0.0838341
0.86	0.02	0.250417	0.0836341
0.86	0.04	0.249316	0.0830342
0.86	0.06	0.247492	0.0820346
0.86	0.08	0.244944	0.0806358
0.86	0.1	0.241677	0.0788382
0.86	0.12	0.237692	0.0766427
0.86	0.14	0.232995	0.0740501
0.86	0.16	0.227588	0.0710613
0.86	0.18	0.221479	0.0676778
0.86	0.2	0.214673	0.0639006
0.86	0.22	0.207177	0.0597315
0.86	0.24	0.199	0.055172
0.86	0.26	0.190148	0.050224
0.86	0.28	0.180633	0.0448895
0.86	0.3	0.170464	0.0391706
0.86	0.32	0.159652	0.0330695
0.86	0.34	0.148208	0.0265887
0.86	0.36	0.136147	0.0197309
0.86	0.38	0.123482	0.0124987
0.86	0.4	0.110227	0.00489506
0.86	0.42	0.0963981	-0.003077
0.86	0.44	0.0820128	-0.0114143
0.86	0.46	0.0670888	-0.0201134
0.86	0.48	0.0516457	-0.029171
0.86	0.5	0.035704	-0.0385834
0.86	0.52	0.0192857	-0.0483468
0.86	0.54	0.0024143	-0.0584573
0.86	0.56	-0.0148853	-0.0689108
0.86	0.58	-0.0325866	-0.0797033
0.86	0.6	-0.0506614	-0.0908303
0.86	0.62	-0.06908	-0.102287
0.86	0.64	-0.0878106	-0.11407
0.86	0.66	-0.10682	-0.126174
0.86	0.68	-0.126072	-0.138593
0.86	0.7	-0.145531	-0.151324
0.86	0.72	-0.165157	-0.16436
0.86	0.74	-0.184909	-0.177697
0.86	0.76	-0.204745	-0.19133
0.86	0.78	-0.224619	-0.205252
0.86	0.8	-0.244486	-0.219459
0.86	0.82	-0.264298	-0.233945
0.86	0.84	-0.284005	-0.248703
0.86	0.86	-0.303557	-0.263728
0.86	0.88	-0.322903	-0.279015
0.86	0.9	-0.341989	-0.294556
0.86	0.92	-0.360764	-0.310346
0.86	0.94	-0.379176	-0.326378
0.86	0.96	-0.397171	-0.342646
0.86	0.98	-0.414699	-0.359143
0.88	0	0.24422	0.0483979
0.88	0.02	0.243573	0.0481979
0.88	0.04	0.242207	0.047598
0.88	0.06	0.240124	0.0465985
0.88	0.08	0.237324	0.0451996
0.88	0.1	0.233809	0.0434021
0.88	0.12	0.229583	0.0412066
0.88	0.14	0.224649	0.0386139
0.88	0.16	0.219012	0.0356252
0.88	0.18	0.212677	0.0322416
0.88	0.2	0.205649	0.0284645
0.88	0.22	0.197937	0.0242954
0.88	0.24	0.189546	0.0197359
0.88	0.26	0.180486	0.0147879
0.88	0.28	0.170765	0.00945336
0.88	0.3	0.160394	0.00373442
0.88	0.32	0.149383	-0.00236666
0.88	0.34	0.137743	-0.00884741
0.88	0.36	0.125487	-0.0157053
0.88	0.38	0.112629	-0.0229374
0.88	0.4	0.0991818	-0.0305411
0.88	0.42	0.0851616	-0.0385131
0.88	0.44	0.0705846	-0.0468504
0.88	0.46	0.0554683	-0.0555496
0.88	0.48	0.0398313	-0.0646072
0.88	0.5	0.0236936	-0.0740195
0.88	0.52	0.00707637	-0.0837829
0.88	0.54	-0.00999774	-0.0938934
0.88	0.56	-0.0275047	-0.104347
0.88	0.58	-0.0454189	-0.115139
0.88	0.6	-0.0637131	-0.126266
0.88	0.62	-0.0823585	-0.137724
0.88	0.64	-0.101325	-0.149506
0.88	0.66	-0.120579	-0.16161
0.88	0.68	-0.140087	-0.174029
0.88	0.7	-0.159814	-0.18676
0.88	0.72	-0.17972	-0.199796
0.88	0.74	-0.199767	-0.213134
0.88	0.76	-0.219913	-0.226766
0.88	0.78	-0.240114	-0.240689
0.88	0.8	-0.260325	-0.254895
0.88	0.82	-0.280498	-0.269381
0.88	0.84	-0.300587	-0.284139
0.88	0.86	-0.32054	-0.299165
0.88	0.88	-0.340308	-0.314451
0.88	0.9	-0.359838	-0.329992
0.88	0.92	-0.379078	-0.345782
0.88	0.94	-0.397975	-0.361814
0.88	0.96	-0.416478	-0.378082
0.88	0.98	-0.434536	-0.39458
0.9	0	0.24745	0.0224699
0.9	0.02	0.246552	0.0222699
0.9	0.04	0.244941	0.02167
0.9	0.06	0.242618	0.0206704
0.9	0.08	0.239584	0.0192716
0.9	0.1	0.235842	0.017474
0.9	0.12	0.231394	0.0152785
0.9	0.14	0.226243	0.0126859
0.9	0.16	0.220394	0.00969717
0.9	0.18	0.213852	0.00631358
0.9	0.2	0.206622	0.00253646
0.9	0.22	0.198712	-0.00163267
0.9	0.24	0.190128	-0.00619214
0.9	0.26	0.180878	-0.0111401
0.9	0.28	0.170972	-0.0164747
0.9	0.3	0.160418	-0.0221936
0.9	0.32	0.149228	-0.0282947
0.9	0.34	0.137411	-0.0347755
0.9	0.36	0.12498	-0.0416333
0.9	0.38	0.111949	-0.0488655
0.9	0.4	0.0983296	-0.0564691
0.9	0.42	0.084138	-0.0644412
0.9	0.44	0.0693897	-0.0727785
0.9	0.46	0.0541014	-0.0814776
0.9	0.48	0.0382913	-0.0905352
0.9	0.5	0.0219785	-0.0999476
0.9	0.52	0.0051835	-0.109711
0.9	0.54	-0.0120719	-0.119821
0.9	0.56	-0.0297645	-0.130275
0.9	0.58	-0.0478696	-0.141067
0.9	0.6	-0.0663609	-0.152195
0.9	0.62	-0.0852106	-0.163652
0.9	0.64	-0.104389	-0.175434
0.9	0.66	-0.123865	-0.187538
0.9	0.68	-0.143606	-0.199957
0.9	0.7	-0.163576	-0.212688
0.9	0.72	-0.183739	-0.225724
0.9	0.74	-0.204055	-0.239062
0.9	0.76	-0.224486	-0.252694
0.9	0.78	-0.244987	-0.266617
0.9	0.8	-0.265516	-0.280823
0.9	0.82	-0.286026	-0.295309
0.9	0.84	-0.306469	-0.310067
0.9	0.86	-0.326797	-0.325093
0.9	0.88	-0.34696	-0.340379
0.9	0.9	-0.366906	-0.35592
0.9	0.92	-0.386584	-0.37171
0.9	0.94	-0.405942	-0.387742
0.9	0.96	-0.424927	-0.40401
0.9	0.98	-0.443488	-0.420508
0.92	0	0.259725	0.006309
0.92	0.02	0.258599	0.006109
0.92	0.04	0.256766	0.0055091
0.92	0.06	0.254227	0.00450954
0.92	0.08	0.250983	0.0031107
0.92	0.1	0.247036	0.00131316
0.92	0.12	0.242389	-0.000882368
0.92	0.14	0.237044	-0.00347501
0.92	0.16	0.231007	-0.00646372
0.92	0.18	0.224281	-0.00984731
0.92	0.2	0.216873	-0.0136244
0.92	0.22	0.208789	-0.0177936
0.92	0.24	0.200035	-0.022353
0.92	0.26	0.190619	-0.027301
0.92	0.28	0.180551	-0.0326356
0.92	0.3	0.169839	-0.0383545
0.92	0.32	0.158492	-0.0444556
0.92	0.34	0.146522	-0.0509363
0.92	0.36	0.133941	-0.0577942
0.92	0.38	0.12076	-0.0650264
0.92	0.4	0.106993	-0.07263
0.92	0.42	0.0926548	-0.0806021
0.92	0.44	0.0777597	-0.0889393
0.92	0.46	0.0623244	-0.0976385
0.92	0.48	0.0463661	-0.106696
0.92	0.5	0.0299034	-0.116108
0.92	0.52	0.0129561	-0.125872
0.92	0.54	-0.00445492	-0.135982
0.92	0.56	-0.0223072	-0.146436
0.92	0.58	-0.0405768	-0.157228
0.92	0.6	-0.0592386	-0.168355
0.92	0.62	-0.0782655	-0.179813
0.92	0.64	-0.0976292	-0.191595
0.92	0.66	-0.117299	-0.203699
0.92	0.68	-0.137244	-0.216118
0.92	0.7	-0.157429	-0.228849
0.92	0.72	-0.177819	-0.241885
0.92	0.74	-0.198376	-0.255222
0.92	0.76	-0.219061	-0.268855
0.92	0.78	-0.239834	-0.282777
0.92	0.8	-0.260649	-0.296984
0.92	0.82	-0.281464	-0.31147
0.92	0.84	-0.302231	-0.326228
0.92	0.86	-0.322902	-0.341254
0.92	0.88	-0.343429	-0.35654
0.92	0.9	-0.36376	-0.372081
0.92	0.92	-0.383845	-0.387871
0.92	0.94	-0.403631	-0.403903
0.92	0.96	-0.423066	-0.420171
0.92	0.98	-0.4421	-0.436668
0.94	0	0.280168	7.67424e-05
0.94	0.02	0.278839	-0.000123251
0.94	0.04	0.276811	-0.000723151
0.94	0.06	0.274082	-0.00172272
0.94	0.08	0.270655	-0.00312155
0.94	0.1	0.266529	-0.00491909
0.94	0.12	0.26171	-0.00711462
0.94	0.14	0.256198	-0.00970726
0.94	0.16	0.249998	-0.012696
0.94	0.18	0.243116	-0.0160796
0.94	0.2	0.235556	-0.0198567
0.94	0.22	0.227324	-0.0240258
0.94	0.24	0.218427	-0.0285853
0.94	0.26	0.208873	-0.0335333
0.94	0.28	0.198669	-0.0388678
0.94	0.3	0.187825	-0.0445868
0.94	0.32	0.17635	-0.0506878
0.94	0.34	0.164254	-0.0571686
0.94	0.36	0.151549	-0.0640264
0.94	0.38	0.138247	-0.0712586
0.94	0.4	0.12436	-0.0788623
0.94	0.42	0.109903	-0.0868343
0.94	0.44	0.0948889	-0.0951716
0.94	0.46	0.0793347	-0.103871
0.94	0.48	0.0632567	-0.112928
0.94	0.5	0.0466728	-0.122341
0.94	0.52	0.0296021	-0.132104
0.94	0.54	0.0120648	-0.142215
0.94	0.56	-0.00591755	-0.152668
0.94	0.58	-0.0243219	-0.163461
0.94	0.6	-0.0431239	-0.174588
0.94	0.62	-0.0622975	-0.186045
0.94	0.64	-0.0818153	-0.197827
0.94	0.66	-0.101648	-0.209931
0.94	0.68	-0.121765	-0.222351
0.94	0.7	-0.142132	-0.235081
0.94	0.72	-0.162717	-0.248118
0.94	0.74	-0.183482	-0.261455
0.94	0.76	-0.204389	-0.275087
0.94	0.78	-0.225397	-0.28901
0.94	0.8	-0.246466	-0.303217
0.94	0.82	-0.267551	-0.317702
0.94	0.84	-0.288607	-0.33246
0.94	0.86	-0.309586	-0.347486
0.94	0.88	-0.330441	-0.362772
0.94	0.9	-0.351121	-0.378313
0.94	0.92	-0.371577	-0.394103
0.94	0.94	-0.391756	-0.410135
0.94	0.96	-0.411606	-0.426403
0.94	0.98	-0.431077	-0.442901
0.96	0	0.307811	0.00383539
0.96	0.02	0.306309	0.0036354
0.96	0.04	0.304113	0.0030355
0.96	0.06	0.301223	0.00203593
0.96	0.08	0.29764	0.000637097
0.96	0.1	0.293366	-0.00116044
0.96	0.12	0.288402	-0.00335597
0.96	0.14	0.282752	-0.00594861
0.96	0.16	0.276419	-0.00893733
0.96	0.18	0.269409	-0.0123209
0.96	0.2	0.261726	-0.016098
0.96	0.22	0.253376	-0.0202672
0.96	0.24	0.244365	-0.0248266
0.96	0.26	0.234701	-0.0297746
0.96	0.28	0.224392	-0.0351092
0.96	0.3	0.213445	-0.0408281
0.96	0.32	0.201871	-0.0469292
0.96	0.34	0.18968	-0.0534099
0.96	0.36	0.176881	-0.0602678
0.96	0.38	0.163487	-0.0675
0.96	0.4	0.149511	-0.0751036
0.96	0.42	0.134964	-0.0830757
0.96	0.44	0.119863	-0.0914129
0.96	0.46	0.10422	-0.100112
0.96	0.48	0.0880536	-0.10917
0.96	0.5	0.0713799	-0.118582
0.96	0.52	0.0542174	-0.128345
0.96	0.54	0.0365857	-0.138456
0.96	0.56	0.0185055	-0.148909
0.96	0.58	-1.00459e-06	-0.159702
0.96	0.6	-0.0189103	-0.170829
0.96	0.62	-0.0381973	-0.182286
0.96	0.64	-0.0578355	-0.194069
0.96	0.66	-0.0777967	-0.206172
0.96	0.68	-0.0980509	-0.218592
0.96	0.7	-0.118567	-0.231322
0.96	0.72	-0.13931	-0.244359
0.96	0.74	-0.160247	-0.257696
0.96	0.76	-0.181339	-0.271329
0.96	0.78	-0.202547	-0.285251
0.96	0.8	-0.223832	-0.299458
0.96	0.82	-0.245149	-0.313943
0.96	0.84	-0.266456	-0.328702
0.96	0.86	-0.287705	-0.343727
0.96	0.88	-0.308849	-0.359013
0.96	0.9	-0.32984	-0.374555
0.96	0.92	-0.350627	-0.390344
0.96	0.94	-0.37116	-0.406377
0.96	0.96	-0.391386	-0.422645
0.96	0.98	-0.411255	-0.439142
0.98	0	0.341627	0.0175474
0.98	0.02	0.339981	0.0173474
0.98	0.04	0.337648	0.0167475
0.98	0.06	0.334627	0.0157479
0.98	0.08	0.330919	0.0143491
0.98	0.1	0.326525	0.0125516
0.98	0.12	0.321447	0.010356
0.98	0.14	0.315689	0.00776338
0.98	0.16	0.309254	0.00477467
0.98	0.18	0.302146	0.00139108
0.98	0.2	0.29437	-0.00238603
0.98	0.22	0.285933	-0.00655516
0.98	0.24	0.276839	-0.0111146
0.98	0.26	0.267096	-0.0160626
0.98	0.28	0.256712	-0.0213972
0.98	0.3	0.245694	-0.0271161
0.98	0.32	0.234053	-0.0332172
0.98	0.34	0.221796	-0.0396979
0.98	0.36	0.208936	-0.0465558
0.98	0.38	0.195482	-0.053788
0.98	0.4	0.181448	-0.0613916
0.98	0.42	0.166845	-0.0693637
0.98	0.44	0.151687	-0.0777009
0.98	0.46	0.135989	-0.0864001
0.98	0.48	0.119767	-0.0954577
0.98	0.5	0.103037	-0.10487
0.98	0.52	0.0858157	-0.114633
0.98	0.54	0.0681233	-0.124744
0.98	0.56	0.0499792	-0.135198
0.98	0.58	0.0314049	-0.14599
0.98	0.6	0.0124231	-0.157117
0.98	0.62	-0.0069422	-0.168574
0.98	0.64	-0.0266653	-0.180357
0.98	0.66	-0.046719	-0.19246
0.98	0.68	-0.0670744	-0.20488
0.98	0.7	-0.0877011	-0.21761
0.98	0.72	-0.108567	-0.230647
0.98	0.74	-0.129637	-0.243984
0.98	0.76	-0.150875	-0.257617
0.98	0.78	-0.172245	-0.271539
0.98	0.8	-0.193706	-0.285746
0.98	0.82	-0.215217	-0.300231
0.98	0.84	-0.236734	-0.31499
0.98	0.86	-0.258212	-0.330015
0.98	0.88	-0.279605	-0.345301
0.98	0.9	-0.300865	-0.360843
0.98	0.92	-0.321942	-0.376632
0.98	0.94	-0.342787	-0.392665
0.98	0.96	-0.363348	-0.408933
0.98	0.98	-0.383574	-0.42543


The number 1 with a  single pixel flipped,
recognized with a 2-layer, 10 neuron network:
        0        0        0        0        0
        0        0        0   1.0000   1.0000
        0        0   1.0000   1.0000        0
        0        0        0   1.0000        0
        0        0        0   1.0000        0
        0        0        0   1.0000        0
        0        0        0        0        0
Recognized as 1 with 99% certainty!

The number 2 with a  single pixel flipped,
recognized with a 2-layer, 10 neuron network:
        0        0        0        0        0
        0   1.0000   1.0000   1.0000        0
        0        0        0   1.0000        0
        0   1.0000   1.0000   1.0000        0
        0   1.0000        0        0        0
        0   1.0000   1.0000        0        0
        0        0        0        0        0
Recognized as 10 with 99% certainty!

The number 3 with a  single pixel flipped,
recognized with a 2-layer, 10 neuron network:
        0        0        0        0        0
        0   1.0000   1.0000   1.0000        0
        0        0        0   1.0000        0
        0   1.0000   1.0000   1.0000        0
        0        0        0   1.0000        0
        0   1.0000   1.0000   1.0000        0
        0   1.0000        0        0        0
Recognized as 3 with 76% certainty!

The number 4 with a  single pixel flipped,
recognized with a 2-layer, 10 neuron network:
   1.0000        0        0        0        0
        0   1.0000        0   1.0000        0
        0   1.0000        0   1.0000        0
        0   1.0000   1.0000   1.0000        0
        0        0        0   1.0000        0
        0        0        0   1.0000        0
        0        0        0        0        0
Recognized as 7 with 99% certainty!

The number 5 with a  single pixel flipped,
recognized with a 2-layer, 10 neuron network:
        0        0        0        0        0
        0   1.0000   1.0000   1.0000        0
        0   1.0000        0   1.0000        0
        0   1.0000   1.0000   1.0000        0
        0        0        0   1.0000        0
        0   1.0000   1.0000   1.0000        0
        0        0        0        0        0
Recognized as 9 with 99% certainty!

The number 6 with a  single pixel flipped,
recognized with a 2-layer, 10 neuron network:
        0        0        0        0        0
        0   1.0000   1.0000   1.0000        0
        0   1.0000        0        0        0
        0   1.0000   1.0000   1.0000        0
        0   1.0000        0   1.0000        0
        0   1.0000   1.0000   1.0000        0
        0   1.0000        0        0        0
Recognized as 6 with 99% certainty!

The number 7 with a  single pixel flipped,
recognized with a 2-layer, 10 neuron network:
        0        0        0        0        0
        0   1.0000   1.0000   1.0000        0
        0        0        0   1.0000        0
        0        0        0   1.0000        0
        0        0        0   1.0000        0
        0        0        0        0        0
        0        0        0        0        0
Recognized as 9 with 97% certainty!

The number 8 with a  single pixel flipped,
recognized with a 2-layer, 10 neuron network:
        0        0        0   1.0000        0
        0   1.0000   1.0000   1.0000        0
        0   1.0000        0   1.0000        0
        0   1.0000   1.0000   1.0000        0
        0   1.0000        0   1.0000        0
        0   1.0000   1.0000   1.0000        0
        0        0        0        0        0
Recognized as 8 with 98% certainty!

The number 9 with a  single pixel flipped,
recognized with a 2-layer, 10 neuron network:
        0        0        0        0        0
        0   1.0000   1.0000   1.0000        0
        0   1.0000        0   1.0000        0
        0   1.0000   1.0000   1.0000        0
        0        0        0   1.0000   1.0000
        0   1.0000   1.0000   1.0000        0
        0        0        0        0        0
Recognized as 9 with 99% certainty!

